pempusa/M/Set2/bio_6.asc
NCOLS 1299 
NROWS 414 
XLLCORNER -84.955934442 
YLLCORNER 19.825068114 
CELLSIZE 0.00833333333333333 
NODATA_value -9999 
[rows 315 to 349 of 414, columns 1027 to 1105 of 1299]
175 175 175 174 175 175 175 175 175 176 176 176 176 176 177 177 177 177 177 177 177 177 177 177 177 177 177 177 176 176 176 175 175 174 174 173 172 174 174 174 173 173 176 177 177 178 178 178 178 179 179 179 179 180 180 180 179 179 179 180 181 181 182 180 180 182 179 182 181 180 179 179 181 181 178 181 180 180 180
175 175 175 176 176 175 176 175 175 175 176 176 176 176 176 177 177 177 177 177 177 177 177 177 177 177 177 177 177 176 176 176 176 175 174 173 173 172 171 172 173 173 174 176 177 178 177 178 178 178 179 179 179 179 180 180 180 180 180 180 180 181 181 181 180 181 181 179 181 181 179 178 177 180 177 180 178 179 179
175 175 175 176 175 175 176 175 175 175 175 176 176 176 176 176 177 177 177 177 177 177 177 177 176 177 177 177 177 176 176 175 175 174 174 173 172 172 174 172 174 173 172 176 176 176 177 176 178 178 178 179 179 179 179 179 180 180 180 180 180 180 181 181 180 180 180 179 180 178 177 176 175 177 177 179 176 176 178
175 175 175 176 176 175 175 175 176 175 175 176 176 176 176 176 176 177 177 177 177 177 177 177 176 176 177 177 177 177 176 175 175 174 172 172 171 174 174 175 174 174 173 172 172 173 176 176 176 178 178 178 179 179 179 179 180 180 180 180 180 180 181 180 180 180 180 179 178 178 175 176 174 174 175 177 176 173 176
175 175 175 175 176 176 175 176 176 175 175 175 175 176 176 176 176 176 177 177 177 177 177 177 176 176 176 177 177 176 176 175 174 175 173 173 174 175 175 175 175 175 174 175 170 170 172 173 176 177 176 178 178 178 179 179 179 180 180 180 180 180 180 180 180 179 179 179 177 175 175 173 174 175 176 173 173 170 174
175 175 175 176 176 175 175 175 175 175 175 175 176 176 176 176 176 176 177 177 177 177 177 176 176 176 176 177 177 176 176 175 175 175 175 176 176 176 176 176 175 175 175 174 173 171 171 173 173 176 175 177 177 177 179 178 179 180 180 180 180 180 180 179 179 179 178 176 175 175 172 174 170 174 174 172 171 171 170
175 175 175 174 174 176 175 175 175 175 175 175 175 175 176 176 176 176 176 177 177 177 176 176 176 176 176 176 177 177 177 176 176 176 176 175 175 175 176 176 176 175 175 175 174 174 171 173 171 170 173 174 175 178 179 178 179 180 179 180 179 180 179 179 178 177 178 174 172 174 175 172 174 174 168 162 166 165 167
174 175 174 174 175 176 175 175 175 175 175 175 175 175 176 176 176 176 176 177 177 177 176 176 176 176 176 176 177 177 177 176 176 176 176 176 177 175 175 175 176 176 175 175 175 174 173 171 172 172 172 172 172 176 177 178 178 178 178 180 179 179 179 179 178 176 176 172 174 174 172 173 172 172 168 159 163 157 168
175 174 174 174 174 175 175 175 175 175 175 175 175 175 175 176 176 176 176 176 177 177 176 176 176 176 176 176 177 176 176 176 176 176 176 176 176 175 175 175 175 175 176 175 175 175 174 172 171 174 172 172 174 177 177 178 178 178 178 178 179 179 179 179 178 177 174 176 175 173 171 171 170 165 163 161 156 159 153
174 174 175 174 174 174 175 175 175 175 175 175 175 175 175 176 176 176 176 176 176 176 176 176 176 176 176 176 176 176 176 176 176 176 176 176 175 175 176 176 175 176 175 176 175 175 174 170 170 174 175 176 176 176 177 177 178 178 178 178 178 179 178 178 176 175 171 172 173 171 169 170 161 167 165 154 152 152 152
174 174 174 174 174 175 175 175 175 175 175 175 175 175 175 175 176 176 176 176 176 176 176 176 176 176 176 176 176 176 177 176 175 176 176 176 175 175 176 175 175 176 176 175 176 175 174 173 174 175 175 176 176 177 177 177 177 178 178 178 178 178 177 176 176 173 173 172 171 170 165 160 162 164 162 152 148 146 149
174 174 174 174 174 175 175 175 175 175 175 175 175 175 175 176 176 176 176 176 176 175 176 176 176 176 176 176 176 176 176 175 175 175 176 176 175 176 176 176 176 175 176 175 175 175 175 174 174 175 176 176 176 177 177 177 177 178 178 178 177 177 177 177 173 171 171 173 168 165 166 154 153 157 156 152 147 147 147
173 174 174 174 174 174 174 175 175 175 175 175 175 175 175 175 175 176 176 176 176 176 176 176 176 176 176 176 176 176 175 175 173 175 175 176 176 176 176 176 176 176 175 175 176 175 175 175 174 174 176 176 176 177 177 177 177 177 178 177 177 177 176 175 172 172 170 173 166 161 156 160 149 149 151 149 148 146 146
173 173 174 174 174 174 175 175 175 175 175 175 175 175 175 175 176 176 176 176 175 176 175 175 176 176 176 176 176 176 175 173 172 175 176 176 176 176 176 176 176 176 176 175 175 174 175 175 175 175 175 176 176 176 176 177 177 177 177 177 177 177 174 172 172 168 169 164 161 160 159 150 150 148 148 147 143 145 144
174 174 174 174 174 174 174 174 175 175 175 175 175 175 175 176 176 176 176 176 176 176 176 175 175 176 176 176 176 175 174 174 172 175 176 176 176 176 176 176 176 176 175 175 174 174 174 174 174 175 174 176 176 177 177 177 177 177 177 177 176 176 172 168 166 163 165 159 155 152 150 150 148 147 147 144 141 141 143
174 173 174 174 174 174 174 174 174 175 175 175 175 175 175 176 176 176 176 176 176 176 176 176 175 175 176 176 176 175 175 175 173 174 176 175 175 175 175 176 176 176 176 175 175 175 175 175 175 175 175 174 176 176 177 177 177 177 176 176 176 174 171 166 161 160 160 163 159 152 150 149 147 145 142 142 142 143 143
173 174 173 174 174 174 174 174 174 175 175 175 175 175 175 176 175 176 176 176 176 175 175 176 175 175 175 176 176 176 175 175 173 175 175 176 176 176 176 176 176 176 176 175 175 175 175 175 175 174 174 174 175 175 176 176 177 177 176 175 176 172 170 170 167 163 161 159 159 154 150 149 147 143 142 142 143 143 144
174 173 173 174 174 174 174 174 174 174 175 175 175 175 175 175 176 176 176 176 176 176 176 175 175 175 175 175 176 176 176 175 175 175 175 176 176 176 176 175 176 176 176 175 176 176 176 175 175 175 174 175 174 175 176 175 176 175 175 175 173 171 167 166 168 167 165 161 153 150 148 146 144 143 142 144 144 144 144
173 173 173 173 174 174 174 174 174 174 175 175 175 175 175 175 175 175 175 176 176 176 176 175 175 175 175 175 174 174 176 176 176 175 175 176 176 176 176 176 175 176 176 176 176 176 175 175 175 175 175 175 175 175 175 175 175 175 175 174 173 170 170 163 167 163 160 154 150 147 146 141 142 143 143 144 146 145 149
173 173 173 174 174 174 174 174 174 174 174 175 175 175 175 175 175 175 175 175 176 176 175 175 175 175 175 175 175 176 176 176 176 176 176 176 176 176 176 175 176 176 176 176 176 176 176 175 175 175 175 175 175 174 174 174 175 175 175 173 174 164 167 168 168 167 162 158 151 141 132 141 144 145 144 145 150 149 156
170 173 173 174 174 174 174 174 174 174 175 175 175 175 175 175 175 175 175 175 176 175 175 176 175 175 175 175 175 175 176 176 176 176 176 176 176 175 176 175 175 175 175 175 175 175 175 175 175 175 175 175 174 174 174 174 174 174 174 173 173 169 166 162 163 164 160 163 145 131 138 143 145 146 146 146 151 160 163
169 169 173 173 174 174 174 174 174 174 174 175 175 175 175 175 175 175 175 175 175 175 175 175 175 175 175 175 175 175 175 176 176 176 176 176 176 175 175 175 175 175 175 175 175 175 175 175 175 175 175 175 174 174 174 174 174 173 173 173 168 167 167 163 156 159 161 152 139 136 140 146 145 147 151 151 157 154 159
170 170 171 173 173 173 174 173 174 174 174 174 175 175 175 174 174 174 175 175 175 175 175 175 175 175 175 175 175 175 175 175 175 176 176 175 175 176 175 175 175 175 175 175 175 175 175 175 175 175 174 174 174 174 174 173 173 173 173 172 167 165 165 159 153 152 152 137 136 140 144 146 149 155 159 162 159 160 158
171 171 172 172 173 173 173 173 173 174 174 174 174 174 174 175 174 174 174 175 175 175 175 175 175 175 175 175 175 175 175 175 175 175 175 175 175 176 175 175 175 175 175 175 175 175 175 175 174 174 174 174 174 173 173 173 173 172 172 170 166 163 155 152 150 150 140 139 145 144 146 146 149 159 161 165 159 161 163
171 172 172 173 173 172 172 173 173 174 174 174 174 174 174 174 174 174 174 175 175 175 175 175 175 175 175 175 175 175 174 174 175 175 175 175 175 176 175 176 175 175 175 175 175 175 175 175 174 174 174 174 174 173 173 172 172 171 171 171 164 162 158 156 157 146 144 151 148 146 151 149 153 157 163 162 158 155 160
171 172 171 172 172 172 172 172 172 173 173 173 174 174 174 174 174 174 174 175 174 174 175 175 175 175 175 174 174 174 174 174 174 174 175 175 175 175 175 175 175 176 175 175 175 175 175 175 175 175 175 174 173 173 173 172 172 171 171 168 163 161 163 162 149 143 145 156 146 149 151 159 156 160 159 154 154 156 157
170 171 171 171 172 172 172 172 172 173 173 173 174 174 174 174 174 174 174 174 174 174 174 175 175 175 174 174 174 173 173 173 173 173 173 174 174 174 175 175 175 176 175 175 175 175 175 174 175 175 175 175 175 174 174 173 172 171 170 168 162 165 165 159 154 144 148 155 155 155 154 156 160 157 153 153 157 157 157
170 170 171 171 171 172 172 171 172 172 173 173 173 173 173 174 174 174 174 175 174 174 174 175 174 175 174 174 174 173 173 172 173 173 174 173 174 174 173 174 174 175 175 175 175 175 175 175 174 174 175 175 174 174 173 173 172 171 167 165 165 165 162 163 157 148 151 151 159 159 159 158 157 155 155 156 156 157 159
168 171 170 170 171 172 172 171 172 172 172 173 173 172 173 174 173 174 174 175 174 174 175 175 174 173 174 174 173 173 172 172 172 172 172 172 173 173 173 173 173 174 175 175 175 175 174 175 174 174 175 172 173 172 172 172 172 169 168 165 169 163 159 157 160 151 152 154 156 155 155 154 154 155 156 156 157 157 162
169 170 170 170 171 172 171 171 172 172 172 171 173 172 173 173 173 173 173 174 175 174 175 175 174 173 174 174 173 173 172 172 173 173 173 173 171 172 172 172 173 174 174 175 174 175 175 174 174 175 173 174 174 175 175 173 173 172 171 169 171 166 161 160 162 153 154 155 154 155 154 156 156 157 158 159 160 159 160
169 169 171 170 170 171 171 171 172 172 172 171 172 173 173 172 173 173 173 175 174 174 175 173 173 174 174 173 173 172 171 172 171 171 171 172 171 172 171 172 173 173 173 174 174 174 174 174 174 174 174 174 175 175 173 173 174 173 173 171 172 169 162 161 165 158 157 157 156 155 155 158 158 158 160 161 161 161 161
168 168 169 171 171 171 171 171 171 172 172 171 172 172 172 172 173 172 173 175 174 174 175 174 173 174 173 173 172 172 171 171 171 170 170 170 171 170 170 171 171 172 172 173 173 173 173 173 174 173 173 174 175 174 173 174 174 174 173 173 172 171 171 170 165 160 160 159 157 157 156 158 158 156 156 159 162 161 162
167 169 170 169 171 171 171 171 171 171 171 172 172 173 173 172 172 172 173 173 174 174 174 174 173 173 173 173 172 171 170 170 171 170 169 169 170 169 169 170 170 170 169 171 171 172 172 172 174 174 174 175 175 174 173 175 175 173 173 173 173 172 172 170 166 163 162 163 160 158 157 158 158 157 157 160 162 164 164
167 168 169 169 165 170 170 170 171 171 171 171 171 172 172 171 172 172 172 173 174 174 174 173 173 173 173 173 172 171 169 170 170 170 168 168 168 169 168 168 168 168 168 169 170 169 171 173 174 174 173 174 174 174 173 174 175 173 173 173 174 173 172 171 169 165 166 168 163 163 158 160 160 157 158 159 162 163 161
165 167 168 169 164 170 169 170 170 170 171 171 171 172 171 171 171 171 172 172 173 173 174 173 173 172 172 172 171 171 169 169 169 169 167 167 166 168 167 167 168 169 170 171 171 171 173 174 174 174 174 174 174 174 173 175 175 175 175 173 174 173 174 171 171 170 167 168 168 167 163 156 164 165 166 161 160 160 160
