pempusa/M/Set3/bio_13.asc
NCOLS 1299 
NROWS 414 
XLLCORNER -84.955934442 
YLLCORNER 19.825068114 
CELLSIZE 0.00833333333333333 
NODATA_value -9999 
[rows 210 to 244 of 414, columns 790 to 868 of 1299]
217 218 219 220 220 220 221 221 222 223 224 224 224 225 226 226 227 227 227 227 227 227 228 228 228 227 227 227 227 227 227 227 227 227 226 226 225 225 224 224 223 222 222 221 221 220 220 219 219 218 217 217 216 216 215 214 214 213 212 211 211 210 209 208 207 207 206 206 205 204 204 204 203 203 203 203 203 202 202
218 220 220 220 220 221 222 222 223 224 224 225 225 226 226 227 227 228 228 228 228 228 229 229 228 228 228 228 228 228 228 227 227 227 227 227 226 226 225 225 224 223 223 222 222 221 221 220 219 218 218 217 217 216 215 215 214 213 212 212 211 210 209 208 208 207 206 206 205 205 205 204 204 203 203 203 203 202 202
219 219 220 221 221 222 222 223 224 224 225 225 226 227 227 227 228 228 228 229 229 229 230 230 229 229 229 229 229 229 229 228 228 228 228 227 227 226 226 226 225 224 223 223 222 221 221 221 220 219 218 217 217 216 216 215 214 213 213 212 211 210 210 208 208 207 207 206 205 205 205 204 204 204 203 203 203 202 202
219 220 221 221 221 222 223 224 224 225 226 226 227 227 228 228 228 229 229 230 230 230 230 230 230 230 230 230 230 230 230 229 229 229 229 228 227 227 226 226 225 225 224 223 223 222 221 221 220 219 219 218 217 216 216 215 214 214 213 212 211 211 210 209 208 207 207 206 206 205 205 205 205 205 203 203 203 202 202
219 220 221 221 222 223 224 224 225 226 226 227 228 228 228 229 229 230 230 230 231 231 231 232 231 231 231 231 231 231 230 230 230 229 229 229 228 227 227 226 226 225 224 224 223 223 222 221 220 220 219 219 218 217 216 215 214 214 213 212 212 211 210 209 208 207 207 206 206 206 205 205 205 204 204 203 202 202 202
220 221 221 222 222 223 224 225 226 226 227 228 228 229 229 230 230 231 231 231 232 232 232 232 232 233 233 232 232 232 231 231 231 230 230 229 228 228 227 227 226 225 225 224 224 223 223 222 221 220 220 219 218 217 216 216 215 214 213 212 212 211 210 209 209 208 207 206 206 206 205 205 205 204 203 203 202 202 202
220 221 222 222 223 224 225 226 226 227 228 228 229 229 230 231 231 232 233 232 233 233 233 233 233 233 233 233 233 232 232 232 231 230 230 229 229 228 228 227 227 226 225 225 224 223 223 222 222 221 220 220 219 218 217 216 215 214 213 213 212 211 211 210 209 208 207 207 206 206 206 205 204 204 203 203 202 202 202
221 221 222 223 223 225 226 226 227 228 229 229 230 231 231 232 233 233 233 234 234 234 235 234 234 234 234 234 233 233 233 232 231 231 230 230 229 229 228 228 227 227 226 225 224 224 223 222 222 221 221 220 219 218 217 216 215 214 213 213 212 211 211 210 209 208 207 207 206 206 206 205 204 204 204 203 202 202 202
221 221 222 223 224 225 226 227 227 229 229 230 231 231 232 233 233 234 234 235 235 235 235 236 235 235 235 234 234 233 233 232 232 232 231 231 230 229 229 228 228 228 227 226 225 224 223 223 222 222 221 220 219 218 217 216 215 215 214 213 212 211 211 210 210 209 208 207 207 206 206 205 205 204 203 203 202 202 202
221 222 223 224 225 226 227 228 228 229 230 231 232 233 233 233 234 234 235 236 236 236 236 237 236 236 235 235 235 234 234 233 233 233 232 231 231 231 230 229 229 228 228 227 226 225 224 223 223 222 222 220 219 218 217 216 216 215 214 213 212 211 210 210 209 209 208 207 207 206 206 205 205 204 203 203 203 202 202
222 223 224 225 226 227 227 228 229 230 231 232 233 233 234 234 235 236 236 236 237 237 237 237 237 236 236 236 236 235 235 234 234 233 233 232 231 231 230 230 229 228 228 227 226 226 225 224 223 222 222 221 220 219 217 217 216 215 214 213 212 211 211 210 209 208 208 207 206 206 205 205 205 204 204 203 203 202 201
222 224 225 226 226 227 228 229 230 231 232 233 233 234 234 235 236 236 237 237 237 238 238 238 237 237 237 237 237 236 236 235 235 234 234 234 232 232 231 230 230 229 228 227 227 226 226 224 224 223 222 221 220 219 218 217 216 215 214 213 212 211 211 210 209 208 207 207 206 206 205 205 204 204 203 203 203 203 201
223 224 225 226 227 228 228 230 230 231 232 233 234 235 236 236 237 237 238 238 239 239 239 238 238 238 238 237 237 237 236 236 236 235 235 234 233 232 232 231 230 230 229 228 227 227 226 225 224 223 222 221 220 219 218 217 216 215 214 213 212 211 211 210 209 208 208 207 206 205 205 204 204 203 203 203 202 202 201
223 224 226 227 228 229 229 230 231 232 233 233 234 235 236 237 238 238 239 239 240 240 240 239 239 239 239 238 238 238 237 237 236 236 235 235 234 233 232 232 231 230 229 229 228 227 226 225 224 224 222 222 220 219 218 217 217 215 214 213 212 211 210 210 209 209 208 207 206 205 205 204 204 203 203 202 202 201 201
224 225 226 227 228 229 230 231 231 232 233 234 235 236 237 238 239 239 240 240 240 240 240 240 240 240 240 239 239 239 238 238 237 236 235 235 234 233 233 232 231 231 230 229 229 228 227 226 225 224 223 222 221 219 219 218 217 215 214 213 212 211 210 209 209 209 208 207 206 206 205 204 203 203 202 202 201 201 201
224 225 226 227 228 229 230 231 232 233 234 235 237 237 238 238 239 240 241 241 241 241 241 241 241 241 240 240 240 239 239 238 237 236 236 235 234 234 233 233 232 231 230 230 229 228 227 226 225 224 223 222 221 220 219 218 217 215 214 213 212 211 210 210 209 209 208 208 207 206 205 204 203 202 202 202 201 201 201
224 225 226 227 228 229 230 232 233 234 235 236 237 238 239 239 240 241 241 242 242 242 242 242 242 242 241 241 240 240 239 239 238 237 236 236 235 234 233 233 232 231 231 230 229 228 227 226 225 224 223 222 221 220 219 218 217 216 215 214 213 212 211 211 210 211 209 208 207 206 205 204 203 203 202 201 201 200 200
224 225 226 227 228 230 231 233 234 235 235 236 237 238 240 240 241 242 242 242 242 243 243 243 243 243 242 242 241 240 240 239 238 238 237 236 236 235 235 233 233 232 231 230 230 229 228 226 225 224 223 222 221 220 219 218 217 216 215 214 213 212 212 212 211 210 209 207 206 205 204 204 203 202 201 201 200 199 199
224 225 226 228 229 230 232 233 234 235 235 237 238 239 240 241 242 243 243 243 243 244 244 244 244 243 243 242 241 241 240 240 239 238 238 237 237 236 235 234 233 232 232 231 230 229 228 227 225 224 223 222 221 220 219 218 217 216 215 214 213 213 213 212 213 210 209 207 206 206 205 204 203 202 201 201 200 199 198
225 226 227 228 229 231 232 233 234 235 236 238 239 240 241 242 243 243 244 244 244 245 245 244 244 244 243 243 242 242 241 240 240 239 238 237 236 236 235 234 234 233 232 232 230 229 228 227 226 225 223 223 221 221 220 219 218 217 216 215 214 213 212 213 213 211 209 208 207 207 208 208 205 203 202 201 200 199 198
225 226 228 228 229 230 232 233 234 236 237 238 240 241 242 243 244 244 245 245 246 246 246 245 245 245 244 244 243 242 242 241 240 239 239 238 237 236 236 235 234 233 232 231 231 229 229 227 226 225 224 223 222 221 220 219 218 217 216 215 214 214 214 213 213 210 209 208 208 207 206 205 204 204 204 202 200 200 199
225 226 227 228 230 231 232 233 235 236 237 239 240 241 243 243 244 245 246 246 247 247 247 246 246 246 245 244 244 243 242 242 241 240 239 238 237 237 236 235 234 233 233 231 230 230 229 228 226 225 224 223 222 221 220 219 218 218 217 216 215 214 214 214 212 211 210 209 208 207 206 205 204 203 202 202 205 202 199
225 226 227 229 230 232 233 234 236 237 238 240 241 242 243 244 245 246 247 247 247 248 248 247 247 246 246 245 244 243 243 242 241 240 239 238 237 237 236 235 234 233 233 232 230 230 229 228 226 225 224 223 222 221 221 220 219 218 217 216 215 214 214 214 213 212 211 210 209 208 206 205 204 203 202 202 202 204 204
225 226 228 229 231 232 233 234 236 237 239 240 241 242 243 244 245 246 247 248 249 249 248 248 247 247 246 245 244 243 242 242 241 240 239 238 237 237 236 235 234 233 233 232 231 230 229 228 226 225 224 223 222 222 221 220 219 219 217 216 215 215 214 214 213 213 212 210 209 208 207 205 204 204 203 202 202 201 200
225 226 228 229 230 232 233 235 236 237 239 240 241 242 243 244 246 247 248 249 249 249 249 249 248 247 246 245 244 244 243 242 241 240 240 239 238 237 236 235 235 234 233 232 231 229 229 228 227 225 224 224 223 222 221 220 220 219 217 217 216 215 215 214 214 213 212 210 209 208 207 206 205 205 204 203 202 201 199
225 227 228 229 231 232 234 235 236 237 238 239 241 242 243 245 246 248 249 250 250 250 250 249 248 248 247 246 245 244 243 242 241 240 240 239 239 238 236 235 235 234 233 232 231 230 229 228 227 226 225 224 223 222 222 221 220 219 218 217 217 216 215 214 214 213 212 211 210 209 207 206 206 205 204 203 202 201 200
225 226 228 229 231 232 233 234 235 237 238 239 241 242 243 245 247 248 249 250 251 251 250 249 248 248 247 246 245 244 243 242 241 240 239 239 238 237 236 235 235 234 233 232 231 230 229 228 227 226 225 224 223 223 222 221 220 219 218 217 216 216 215 215 214 213 213 212 211 210 208 207 206 205 204 203 202 202 201
225 227 228 229 230 232 233 234 235 237 239 240 241 242 244 245 246 248 249 250 251 251 250 249 248 247 247 246 245 244 243 242 241 240 239 239 238 237 237 236 235 235 234 233 231 230 229 228 227 226 225 224 224 223 222 221 220 219 218 217 217 216 216 215 214 213 213 213 211 210 209 208 208 207 205 203 204 203 202
225 226 227 228 230 231 232 234 236 237 239 239 240 242 243 245 246 247 248 249 250 250 250 249 248 247 246 246 245 244 243 242 242 240 240 239 238 238 237 236 236 235 234 232 231 230 229 228 227 226 226 225 224 223 222 221 220 219 219 218 217 216 216 215 215 214 213 213 212 211 210 209 208 207 206 204 204 204 203
225 226 227 229 230 231 233 234 235 237 237 239 240 241 243 244 245 246 248 248 249 249 249 248 248 247 246 245 245 244 243 242 241 241 240 239 238 238 237 236 236 235 234 232 231 230 229 228 227 226 226 225 224 223 222 221 220 219 219 218 218 217 216 216 215 214 214 214 215 213 212 210 209 208 206 205 205 206 206
225 226 227 228 230 231 232 234 235 236 237 238 240 242 243 244 245 246 247 247 248 248 248 248 247 246 246 245 244 244 243 242 241 240 240 239 238 238 237 236 236 235 234 232 231 230 229 228 227 226 225 225 224 223 222 221 221 220 219 219 218 217 217 216 215 214 214 214 214 214 214 211 210 209 207 206 206 206 205
224 225 227 228 229 230 232 233 235 235 236 238 239 240 242 243 244 245 246 246 247 247 247 247 246 246 245 245 244 244 243 242 241 241 240 239 239 238 237 237 235 234 234 232 231 230 229 228 227 226 225 225 224 223 222 222 221 220 219 219 218 218 217 216 215 215 214 214 214 213 213 213 211 210 209 208 207 207 207
224 225 226 228 229 230 231 232 233 235 236 237 239 240 241 242 243 244 244 245 246 246 246 246 245 245 244 244 244 243 242 242 241 241 240 239 238 238 237 236 235 234 233 232 231 230 228 228 227 226 226 225 224 223 222 222 221 220 220 219 218 217 217 216 215 215 215 214 213 213 213 213 213 212 211 211 209 209 208
223 224 226 227 228 229 230 231 233 234 235 237 238 239 240 241 242 242 243 244 244 245 244 244 244 244 244 243 243 242 242 241 241 240 239 238 238 237 236 235 235 233 232 231 230 229 228 228 227 227 226 225 224 224 223 222 221 221 220 219 219 218 217 217 216 215 215 214 214 214 213 213 213 212 212 211 211 210 209
223 224 225 226 228 229 230 231 232 234 235 236 237 238 239 240 240 241 242 242 243 244 244 244 243 243 243 242 242 242 241 241 240 239 238 238 237 237 236 235 234 232 232 231 230 229 228 228 227 227 226 226 225 224 223 223 222 221 221 220 219 218 218 218 217 217 216 215 215 215 214 213 213 212 212 212 211 210 209
