pempusa/M/Set3/bio_13.asc
NCOLS 1299 
NROWS 414 
XLLCORNER -84.955934442 
YLLCORNER 19.825068114 
CELLSIZE 0.00833333333333333 
NODATA_value -9999 
[rows 105 to 139 of 414, columns 632 to 710 of 1299]
243 241 240 239 239 241 242 246 245 243 242 240 238 236 234 233 229 228 226 227 227 228 228 228 228 228 228 228 227 226 226 225 224 223 222 218 217 216 213 212 211 210 208 207 206 204 203 204 204 -9999 -9999 -9999 -9999 -9999 -9999 -9999 -9999 -9999 -9999 -9999 -9999 -9999 -9999 -9999 -9999 -9999 205 205 -9999 -9999 -9999 -9999 -9999 -9999 -9999 -9999 -9999 -9999 -9999
246 244 241 241 240 239 241 242 242 245 245 243 242 240 238 237 234 232 230 228 228 227 227 228 228 228 227 227 227 226 226 225 224 223 222 221 220 218 215 212 211 209 208 207 206 205 205 205 204 205 -9999 -9999 -9999 -9999 -9999 -9999 205 205 -9999 -9999 -9999 -9999 -9999 -9999 -9999 -9999 207 207 206 -9999 -9999 -9999 -9999 -9999 -9999 -9999 -9999 -9999 201
249 246 246 243 242 240 240 239 240 245 243 246 244 242 241 240 239 237 236 233 231 230 227 228 228 228 227 227 226 226 225 224 224 223 222 221 220 219 217 214 211 210 208 207 206 206 206 206 206 206 205 205 -9999 -9999 -9999 206 206 206 206 207 207 -9999 -9999 -9999 -9999 207 208 208 208 208 208 208 207 206 -9999 205 204 203 202
252 249 247 246 246 246 241 241 240 241 242 243 245 244 243 242 242 239 238 237 235 234 233 232 227 227 227 226 226 225 225 224 224 223 222 221 220 219 218 216 215 209 208 208 207 207 207 207 208 207 207 207 206 206 207 207 207 207 207 208 208 209 209 209 209 209 209 209 210 209 210 209 208 207 207 206 205 204 203
261 254 252 249 246 246 243 242 242 241 242 244 245 246 246 244 243 243 243 240 238 237 235 233 232 233 227 226 226 225 225 224 223 222 222 221 220 219 218 217 216 216 210 209 209 209 209 209 209 210 209 208 208 208 208 208 208 209 209 209 209 209 209 209 210 210 210 210 210 210 210 210 209 209 208 207 207 206 205
263 261 258 253 249 247 246 245 243 243 243 243 245 245 247 246 245 244 244 243 242 240 238 237 235 235 234 226 226 225 225 225 226 222 222 222 221 221 220 219 218 218 215 211 211 211 210 210 210 210 211 210 210 209 209 210 210 210 210 210 210 210 210 211 211 211 211 212 212 212 212 212 211 211 210 209 208 207 206
262 262 261 256 252 251 249 247 247 244 245 244 245 245 245 244 246 248 245 245 245 242 242 240 239 238 235 235 231 227 227 227 227 227 223 224 223 222 222 221 221 220 220 216 213 212 212 212 212 212 212 212 211 211 211 211 211 211 211 211 211 211 212 212 212 212 212 213 213 213 213 213 213 212 211 210 209 208 207
260 260 261 257 255 255 254 249 249 247 246 246 245 245 243 245 245 243 244 245 244 247 246 242 241 241 239 237 235 235 229 230 229 228 227 227 225 223 223 224 223 223 223 223 223 222 214 213 214 213 213 213 213 213 213 212 212 212 212 213 213 213 213 213 213 214 214 214 214 215 215 215 215 214 213 212 210 209 208
261 260 261 260 258 257 256 254 251 249 248 247 245 245 244 243 243 242 244 244 243 244 246 246 247 245 242 242 239 237 236 236 232 231 230 231 229 229 226 226 226 226 227 226 226 225 224 223 219 215 215 215 214 214 215 214 214 214 214 214 214 214 214 214 215 215 215 215 215 216 216 216 216 215 214 213 212 211 209
260 262 261 260 259 258 257 254 252 251 250 248 247 245 245 243 241 242 242 244 243 243 242 245 246 247 247 244 243 242 241 237 237 236 232 233 232 233 232 231 230 229 229 228 228 227 227 224 223 223 220 216 216 216 216 215 215 215 215 215 215 215 215 216 216 216 216 216 217 217 217 217 217 216 215 214 213 211 210
261 262 261 260 259 257 257 256 254 253 252 250 248 246 244 243 242 242 242 242 241 241 243 243 243 246 248 248 247 245 244 242 242 238 238 238 235 234 234 233 234 234 233 233 232 231 231 228 229 229 222 224 220 218 217 216 217 216 217 216 217 217 217 217 217 217 217 217 218 218 218 217 217 217 216 215 213 212 211
261 263 262 260 259 258 257 256 256 254 252 251 249 247 246 244 242 241 241 242 241 242 241 241 241 243 243 245 246 247 247 246 244 243 242 241 240 240 238 238 235 236 235 236 236 235 234 233 232 232 230 230 222 226 225 225 218 219 218 219 219 218 218 218 218 218 218 218 218 218 218 218 218 217 216 215 214 213 212
264 263 262 261 259 257 257 256 256 254 252 252 252 250 248 247 245 243 241 242 242 242 242 242 242 241 242 243 243 244 243 246 247 247 246 245 243 243 243 242 241 241 239 238 237 237 237 235 235 234 234 233 232 232 230 227 225 224 223 222 222 220 220 219 219 219 219 219 219 219 219 219 218 218 217 216 215 214 213
264 263 263 261 260 258 256 256 254 253 253 254 253 251 250 248 247 246 242 240 242 242 242 242 242 242 241 242 241 241 244 244 244 244 246 247 246 246 246 245 245 243 242 241 240 239 239 238 238 237 235 234 234 234 234 233 233 232 232 229 225 225 224 221 221 220 220 220 220 220 220 219 219 218 217 217 216 215 214
264 263 263 261 260 259 257 256 254 254 252 251 251 251 250 249 248 247 242 241 241 242 242 242 242 242 242 242 242 242 241 242 241 245 245 245 245 245 246 247 247 247 246 246 245 243 242 240 240 240 239 237 236 236 236 235 235 234 234 234 234 233 231 228 225 222 221 221 221 221 221 220 220 219 218 217 216 216 214
264 263 262 261 259 259 258 258 257 256 253 251 251 250 250 249 246 243 243 242 241 241 241 242 242 242 242 242 241 242 242 241 242 242 242 242 242 245 246 246 248 248 248 247 247 246 244 244 242 241 241 240 238 238 238 238 237 237 236 237 236 236 235 233 230 227 224 222 222 222 221 221 221 220 219 218 217 216 215
264 263 261 260 259 258 258 257 260 258 255 253 251 250 250 249 245 245 244 242 242 241 241 241 243 243 242 243 242 242 241 242 242 242 242 243 243 243 243 244 245 245 247 249 248 248 247 247 245 244 244 242 242 241 241 240 240 240 240 239 238 238 237 237 235 233 230 226 223 223 222 222 222 221 220 219 218 217 216
264 262 261 260 259 258 257 256 257 256 255 255 254 251 251 250 248 246 246 245 243 242 241 241 241 241 244 244 245 243 242 242 242 242 243 243 242 243 244 244 244 245 248 249 249 251 249 249 248 247 246 245 243 243 243 242 242 242 241 241 241 240 239 239 237 237 236 234 225 224 224 223 222 221 221 220 219 218 216
263 262 261 260 259 257 257 257 256 255 255 256 255 254 254 252 250 249 247 246 246 245 243 242 241 242 243 245 245 243 244 245 245 243 243 243 243 243 244 244 245 246 246 248 248 249 251 250 250 250 249 248 248 246 246 246 246 244 243 243 242 241 241 240 240 239 238 238 235 225 225 224 224 223 222 221 220 218 217
263 263 261 261 259 258 257 256 256 255 255 255 253 254 256 254 254 250 249 249 249 246 246 243 242 242 242 243 243 245 247 247 247 247 247 246 246 246 245 245 245 246 246 247 247 248 250 251 251 251 250 250 250 249 248 248 248 248 248 246 246 243 242 242 241 240 239 239 238 237 229 226 225 224 223 223 221 219 218
263 263 263 261 261 258 257 256 256 254 253 254 254 253 253 254 254 253 252 251 251 249 247 246 243 242 243 243 245 245 245 246 247 246 248 249 250 249 248 248 247 246 247 247 248 248 249 251 252 252 252 251 251 250 250 249 248 248 248 248 248 247 246 243 242 242 241 240 240 239 236 231 226 225 225 223 223 220 219
264 263 263 262 262 260 258 256 255 254 253 253 253 253 253 252 252 251 251 251 250 249 248 248 244 243 245 244 244 244 243 245 248 246 248 249 249 252 253 250 249 249 248 248 248 249 249 250 251 252 253 253 252 251 250 249 248 248 247 248 248 248 248 248 246 247 245 242 241 240 238 237 232 227 226 225 224 222 220
263 263 262 261 261 259 258 256 255 254 253 252 252 251 252 252 252 251 251 250 250 249 247 246 244 244 244 244 244 245 244 244 246 247 248 247 249 251 252 254 254 252 251 251 251 250 250 250 251 251 252 252 252 250 250 249 249 249 248 248 248 247 249 248 247 247 246 247 245 242 242 239 238 237 237 230 228 226 223
263 263 262 261 261 259 257 257 255 255 253 252 252 251 251 252 252 251 251 250 251 250 249 247 245 244 245 244 244 245 244 245 245 247 249 248 249 251 253 253 253 254 255 253 252 252 251 251 252 252 252 252 252 251 251 250 250 249 249 248 248 248 247 247 247 246 247 246 246 245 246 241 241 239 239 237 235 233 233
262 262 262 261 260 259 258 258 257 256 255 255 253 251 251 251 250 251 251 250 251 250 249 249 247 246 248 246 244 245 244 244 245 246 247 248 251 251 252 253 252 255 256 256 254 253 253 253 253 253 253 253 252 252 251 251 250 250 250 249 249 248 248 247 247 247 247 248 246 243 243 246 245 241 238 237 236 238 236
263 263 262 261 261 260 260 259 259 258 256 255 253 253 251 250 250 250 250 250 251 250 249 250 249 250 249 248 246 245 244 245 246 246 248 248 249 253 253 251 251 253 256 259 257 255 254 255 254 254 254 253 253 253 252 252 251 251 251 250 249 249 248 248 247 247 246 245 245 245 243 242 241 245 245 243 242 242 239
262 262 262 263 262 261 261 261 260 259 257 255 254 253 251 251 251 250 251 250 250 249 249 250 251 251 250 249 248 246 245 245 247 250 251 252 249 249 252 253 252 253 256 257 260 258 257 256 256 255 255 254 254 253 253 252 252 252 252 251 250 249 249 248 248 247 247 246 245 244 244 243 241 241 244 246 248 244 240
263 263 263 264 262 262 262 260 259 258 258 256 254 253 252 252 252 251 250 249 249 249 249 250 250 250 250 250 249 248 246 246 247 250 252 250 248 250 250 251 252 256 255 256 257 258 259 259 257 256 255 254 254 254 254 253 252 252 252 252 251 251 250 249 248 248 247 246 245 244 244 243 242 241 240 243 241 239 238
263 264 265 264 263 264 261 260 260 257 256 255 255 255 253 254 253 252 252 251 250 249 249 250 249 249 251 250 250 250 247 246 247 249 250 249 249 252 252 251 252 253 254 256 257 259 258 261 259 258 257 256 255 254 254 254 253 254 253 253 253 252 251 250 249 248 247 247 246 245 244 243 242 241 240 239 237 236 234
264 265 266 264 263 261 259 259 258 257 257 257 256 255 254 255 254 254 252 252 251 250 250 250 249 249 249 249 249 249 247 247 248 249 251 250 251 251 251 251 252 254 254 256 258 258 260 261 261 260 260 258 256 255 255 253 253 252 253 252 254 253 252 251 250 249 248 247 246 245 244 243 242 241 240 238 237 236 234
265 263 265 263 262 261 261 260 259 258 258 257 256 256 257 256 254 253 254 253 253 251 252 252 252 251 249 249 249 249 248 248 248 249 249 250 251 251 250 252 253 253 253 254 255 257 259 260 262 262 261 260 258 257 256 255 254 252 253 253 252 253 253 253 251 250 249 248 247 246 245 244 242 242 240 239 238 237 235
262 263 264 263 262 262 261 261 260 259 260 259 259 258 258 256 256 254 255 254 253 253 253 253 253 251 251 252 249 249 249 249 249 249 249 253 251 252 252 252 253 253 253 254 255 258 258 259 260 263 262 261 260 258 258 256 255 255 253 252 252 252 253 252 253 252 250 249 248 247 246 245 243 242 241 241 240 238 236
262 263 263 263 263 263 262 262 261 262 263 260 259 258 258 257 256 255 255 254 254 254 254 254 253 253 253 251 250 250 250 250 249 250 252 250 251 251 251 252 252 253 253 256 257 258 257 258 261 261 263 262 260 259 258 258 257 256 255 253 252 252 252 251 251 253 252 251 249 248 247 246 245 243 242 241 242 239 237
263 262 262 263 262 262 263 263 263 264 262 260 261 260 258 257 256 257 256 255 256 255 255 255 254 255 253 251 251 250 250 250 254 252 250 250 251 251 252 252 253 254 254 257 258 257 258 258 259 259 261 261 261 260 259 258 258 256 256 255 253 252 252 250 252 251 253 253 252 252 249 247 246 245 243 242 242 241 239
261 260 260 262 260 261 262 264 262 262 261 260 260 259 259 259 258 259 258 257 258 257 257 256 255 255 254 253 252 253 253 252 255 253 251 251 252 252 253 253 255 255 257 257 257 258 259 259 259 260 260 260 262 261 260 258 258 257 256 255 255 253 252 251 250 251 250 252 252 252 251 250 248 246 245 243 243 242 239
