pempusa/M/Set3/bio_4.asc
NCOLS 1299 
NROWS 414 
XLLCORNER -84.955934442 
YLLCORNER 19.825068114 
CELLSIZE 0.00833333333333333 
NODATA_value -9999 
[rows 350 to 384 of 414, columns 1014 to 1091 of 1299]
1646 1665 1668 1662 1664 1680 1663 1645 1678 1650 1634 1693 1680 1676 1681 1674 1705 1645 1674 1688 1688 1683 1683 1685 1677 1682 1683 1689 1677 1682 1672 1666 1670 1662 1675 1662 1645 1676 1694 1651 1692 1699 1683 1694 1679 1687 1661 1663 1676 1662 1659 1662 1680 1667 1686 1706 1686 1692 1688 1698 1654 1713 1713 1682 1682 1693 1667 1652 1672 1641 1641 1655 1681 1675 1689 1680 1688 1693
1645 1673 1655 1683 1680 1654 1639 1669 1668 1652 1680 1673 1674 1670 1657 1660 1668 1636 1677 1699 1690 1700 1671 1672 1673 1681 1672 1671 1668 1659 1686 1692 1672 1664 1663 1668 1676 1670 1699 1695 1686 1670 1657 1658 1646 1652 1653 1663 1641 1649 1668 1651 1656 1665 1680 1651 1672 1659 1656 1660 1679 1652 1690 1663 1680 1669 1676 1673 1668 1643 1632 1664 1688 1667 1669 1696 1680 1670
1658 1676 1661 1657 1654 1639 1640 1671 1682 1641 1655 1674 1629 1634 1634 1653 1683 1669 1682 1670 1668 1639 1677 1691 1629 1643 1676 1663 1686 1646 1658 1646 1666 1673 1672 1669 1661 1663 1706 1664 1703 1667 1679 1673 1671 1706 1664 1706 1696 1657 1664 1638 1656 1645 1657 1671 1661 1685 1665 1685 1671 1671 1667 1676 1680 1649 1673 1661 1668 1663 1655 1674 1654 1671 1679 1667 1683 1681
1645 1647 1658 1639 1640 1650 1675 1658 1653 1657 1639 1663 1638 1671 1665 1659 1681 1656 1669 1684 1684 1629 1670 1654 1668 1698 1673 1640 1676 1680 1695 1654 1678 1664 1660 1660 1661 1628 1689 1683 1647 1695 1654 1695 1660 1662 1696 1680 1667 1666 1655 1670 1653 1683 1636 1678 1644 1655 1653 1663 1672 1658 1665 1668 1662 1661 1662 1662 1674 1655 1668 1662 1671 1672 1677 1669 1665 1667
1637 1667 1629 1674 1645 1627 1642 1628 1642 1651 1643 1659 1653 1651 1640 1656 1678 1661 1680 1624 1693 1671 1641 1629 1668 1674 1630 1694 1636 1703 1646 1642 1658 1668 1660 1648 1639 1661 1661 1642 1651 1695 1665 1674 1622 1655 1700 1671 1653 1690 1681 1646 1673 1676 1679 1668 1667 1665 1670 1654 1654 1641 1664 1651 1660 1663 1657 1674 1661 1680 1646 1679 1675 1672 1657 1667 1685 1685
1625 1636 1639 1654 1669 1634 1651 1656 1652 1629 1687 1656 1652 1661 1661 1649 1680 1692 1680 1680 1614 1684 1660 1630 1698 1624 1675 1654 1693 1633 1678 1638 1670 1660 1656 1660 1642 1659 1641 1642 1640 1633 1645 1664 1631 1630 1643 1670 1669 1648 1645 1669 1679 1634 1646 1677 1633 1676 1656 1654 1660 1646 1634 1647 1655 1652 1666 1655 1682 1648 1659 1640 1644 1651 1651 1656 1667 1651
1626 1633 1639 1636 1669 1636 1642 1651 1638 1650 1619 1656 1603 1674 1643 1633 1663 1614 1685 1602 1611 1694 1611 1641 1683 1677 1619 1665 1641 1690 1633 1646 1645 1680 1671 1677 1646 1651 1645 1686 1634 1672 1672 1631 1680 1657 1655 1680 1646 1692 1704 1652 1653 1644 1669 1615 1639 1655 1657 1634 1645 1657 1647 1664 1653 1652 1656 1651 1663 1656 1620 1669 1665 1665 1647 1659 1616 1629
1648 1630 1635 1631 1635 1665 1629 1640 1672 1618 1615 1609 1607 1619 1618 1691 1610 1697 1608 1618 1627 1678 1614 1684 1687 1620 1629 1671 1656 1660 1694 1667 1648 1661 1677 1641 1666 1640 1638 1634 1656 1640 1648 1659 1647 1653 1651 1616 1636 1662 1638 1628 1688 1637 1664 1668 1639 1625 1657 1645 1651 1639 1639 1642 1662 1642 1665 1636 1645 1650 1645 1632 1644 1626 1644 1656 1641 1658
1646 1625 1628 1633 1646 1635 1629 1631 1630 1619 1656 1610 1618 1610 1657 1666 1627 1623 1618 1618 1671 1668 1604 1662 1642 1645 1672 1663 1670 1667 1635 1655 1643 1650 1644 1647 1641 1643 1642 1652 1637 1671 1665 1643 1663 1639 1654 1616 1629 1643 1682 1623 1622 1681 1642 1672 1653 1658 1644 1633 1633 1628 1616 1642 1627 1640 1650 1629 1638 1645 1634 1627 1664 1640 1621 1656 1645 1656
1629 1631 1631 1609 1622 1619 1652 1647 1626 1618 1654 1610 1658 1613 1669 1602 1610 1644 1696 1687 1666 1657 1625 1664 1610 1635 1657 1683 1655 1650 1658 1619 1620 1625 1631 1639 1637 1638 1633 1627 1628 1650 1672 1627 1652 1657 1668 1613 1625 1622 1627 1684 1643 1622 1669 1648 1629 1654 1639 1626 1627 1627 1640 1626 1633 1627 1622 1646 1643 1607 1637 1643 1621 1632 1620 1667 1661 1635
1629 1639 1632 1647 1662 1642 1628 1625 1615 1660 1595 1635 1633 1661 1624 1639 1620 1611 1645 1630 1669 1650 1641 1654 1625 1656 1649 1665 1636 1627 1668 1639 1620 1630 1662 1665 1639 1666 1637 1636 1622 1653 1633 1613 1662 1597 1647 1623 1627 1633 1634 1650 1619 1658 1640 1654 1644 1654 1648 1626 1626 1646 1624 1622 1640 1623 1620 1631 1621 1647 1615 1628 1636 1626 1651 1630 1652 1606
1656 1630 1637 1623 1636 1644 1638 1614 1633 1607 1655 1649 1607 1666 1669 1661 1594 1629 1643 1620 1599 1630 1654 1653 1635 1681 1656 1626 1633 1649 1615 1641 1643 1601 1655 1621 1660 1675 1656 1630 1654 1671 1648 1651 1634 1658 1661 1638 1649 1628 1618 1625 1629 1629 1629 1654 1638 1647 1632 1629 1619 1619 1631 1616 1619 1608 1647 1635 1624 1606 1636 1635 1625 1642 1638 1619 1654 1640
1626 1616 1591 1641 1605 1646 1636 1593 1603 1636 1651 1627 1615 1615 1611 1580 1653 1616 1648 1616 1654 1646 1659 1632 1659 1660 1619 1628 1639 1646 1631 1625 1639 1608 1639 1639 1630 1667 1653 1614 1611 1655 1619 1654 1637 1613 1621 1635 1635 1617 1616 1633 1616 1638 1638 1631 1629 1638 1630 1638 1622 1629 1622 1622 1619 1610 1635 1632 1625 1617 1636 1636 1623 1608 1629 1632 1621 1633
1627 1614 1655 1633 1588 1609 1609 1580 1658 1627 1633 1612 1629 1611 1624 1591 1597 1633 1648 1646 1631 1647 1647 1660 1632 1601 1636 1647 1623 1628 1614 1625 1639 1651 1652 1659 1633 1644 1651 1646 1635 1643 1632 1620 1609 1620 1617 1621 1630 1620 1599 1602 1593 1592 1627 1610 1623 1602 1627 1612 1614 1613 1618 1621 1584 1613 1632 1610 1608 1610 1625 1629 1634 1620 1639 1627 1598 1621
1611 1602 1587 1619 1583 1624 1631 1623 1603 1602 1626 1577 1610 1597 1615 1583 1614 1608 1622 1631 1641 1604 1626 1626 1601 1617 1589 1639 1623 1620 1659 1612 1622 1626 1620 1629 1647 1620 1656 1625 1633 1617 1611 1635 1641 1641 1635 1644 1614 1634 1615 1608 1592 1592 1629 1615 1619 1596 1627 1643 1614 1608 1608 1580 1602 1621 1601 1610 1608 1634 1625 1641 1617 1606 1653 1601 1600 1608
1598 1597 1636 1611 1636 1605 1613 1597 1624 1605 1598 1601 1617 1607 1645 1606 1613 1593 1599 1599 1622 1640 1608 1642 1630 1635 1589 1622 1636 1620 1607 1607 1604 1613 1620 1627 1649 1630 1639 1627 1644 1623 1624 1625 1627 1626 1627 1617 1597 1634 1600 1594 1609 1590 1603 1615 1599 1619 1613 1622 1621 1605 1604 1580 1591 1605 1606 1613 1568 1586 1608 1583 1573 1606 1625 1648 1646 1597
1588 1610 1621 1586 1594 1597 1626 1622 1581 1599 1617 1601 1595 1598 1588 1602 1578 1583 1584 1597 1584 1595 1630 1601 1635 1603 1640 1612 1595 1616 1604 1591 1597 1599 1583 1617 1619 1654 1646 1633 1628 1621 1618 1599 1619 1624 1621 1580 1615 1630 1626 1613 1589 1611 1594 1602 1598 1607 1603 1631 1603 1616 1562 1564 1605 1606 1622 1607 1586 1615 1583 1576 1576 1606 1590 1598 1608 1583
1623 1625 1621 1583 1598 1619 1601 1570 1582 1566 1604 1609 1571 1602 1601 1609 1581 1598 1587 1595 1611 1592 1605 1599 1618 1624 1609 1626 1663 1629 1613 1598 1598 1622 1634 1619 1630 1627 1609 1610 1630 1608 1605 1616 1611 1615 1584 1599 1608 1587 1626 1606 1609 1597 1598 1600 1605 1591 1583 1598 1624 1610 1610 1561 1588 1630 1600 1607 1598 1606 1597 1592 1594 1602 1593 1592 1604 1594
1575 1571 1622 1612 1576 1568 1579 1578 1602 1600 1579 1589 1565 1593 1620 1595 1600 1598 1575 1589 1574 1640 1632 1640 1619 1608 1650 1585 1638 1613 1649 1616 1630 1651 1620 1632 1613 1581 1608 1620 1608 1599 1604 1599 1604 1576 1613 1588 1606 1596 1606 1600 1609 1603 1571 1588 1575 1588 1609 1579 1591 1576 1578 1587 1603 1625 1578 1607 1586 1619 1590 1601 1605 1605 1579 1599 1611 1601
1587 1624 1551 1592 1616 1598 1576 1556 1580 1546 1599 1572 1596 1598 1593 1570 1575 1560 1563 1550 1584 1605 1597 1618 1581 1590 1605 1613 1586 1628 1616 1617 1610 1634 1632 1609 1599 1587 1618 1617 1604 1592 1579 1593 1605 1563 1584 1605 1608 1595 1601 1616 1592 1596 1577 1597 1572 1599 1608 1575 1573 1589 1577 1580 1586 1627 1607 1585 1570 1625 1612 1615 1572 1581 1563 1598 1607 1605
1632 1597 1609 1582 1555 1597 1586 1557 1557 1596 1572 1597 1542 1582 1583 1557 1584 1593 1552 1564 1603 1568 1610 1591 1624 1613 1585 1603 1606 1587 1581 1597 1620 1605 1589 1576 1619 1578 1608 1593 1618 1610 1600 1614 1620 1585 1604 1601 1584 1596 1573 1573 1586 1597 1588 1576 1584 1605 1589 1597 1573 1573 1589 1589 1565 1559 1574 1570 1561 1595 1563 1612 1579 1597 1585 1569 1570 1593
1582 1572 1608 1577 1554 1561 1583 1588 1556 1601 1548 1555 1594 1611 1562 1561 1582 1583 1567 1571 1609 1579 1558 1593 1562 1545 1600 1568 1564 1605 1586 1596 1630 1597 1610 1628 1610 1593 1600 1607 1613 1597 1615 1588 1591 1602 1585 1614 1599 1581 1585 1585 1573 1571 1588 1559 1578 1588 1582 1579 1569 1577 1589 1569 1529 1568 1559 1550 1557 1581 1602 1584 1581 1579 1584 1598 1582 1592
1593 1528 1605 1593 1604 1570 1557 1542 1539 1564 1592 1577 1551 1582 1553 1598 1558 1595 1588 1599 1560 1571 1639 1592 1612 1559 1606 1551 1575 1604 1587 1579 1621 1605 1589 1612 1586 1562 1616 1618 1630 1597 1576 1614 1591 1582 1592 1556 1575 1583 1592 1592 1580 1583 1590 1578 1583 1560 1573 1570 1557 1593 1561 1564 1570 1541 1570 1563 1577 1583 1562 1571 1572 1580 1598 1592 1582 1581
1566 1550 1570 1574 1619 1557 1567 1591 1552 1553 1543 1563 1593 1552 1550 1558 1562 1597 1581 1601 1591 1578 1616 1571 1596 1611 1592 1597 1610 1590 1610 1593 1623 1590 1605 1594 1592 1600 1596 1612 1563 1572 1576 1592 1565 1565 1581 1595 1575 1594 1596 1589 1593 1591 1592 1601 1547 1564 1559 1569 1604 1562 1552 1552 1557 1551 1568 1561 1573 1563 1562 1570 1582 1567 1556 1579 1590 1576
1601 1565 1550 1559 1558 1569 1552 1555 1598 1561 1549 1561 1574 1559 1578 1572 1599 1563 1570 1606 1590 1568 1592 1597 1575 1588 1574 1601 1601 1593 1617 1578 1568 1568 1618 1573 1575 1575 1621 1577 1573 1585 1590 1586 1582 1564 1578 1604 1560 1573 1601 1569 1579 1600 1560 1583 1560 1550 1577 1570 1559 1602 1569 1559 1585 1565 1530 1548 1566 1562 1547 1582 1551 1552 1570 1572 1572 1570
1569 1546 1559 1562 1567 1565 1539 1552 1537 1589 1562 1554 1557 1577 1549 1568 1565 1570 1578 1567 1560 1617 1568 1584 1589 1561 1584 1580 1564 1557 1574 1564 1573 1610 1596 1582 1592 1582 1587 1587 1568 1541 1589 1557 1576 1550 1586 1576 1577 1588 1584 1569 1589 1559 1561 1563 1538 1561 1554 1560 1561 1564 1546 1572 1541 1552 1589 1533 1583 1585 1560 1585 1581 1557 1584 1586 1579 1557
1564 1578 1579 1563 1554 1545 1543 1551 1555 1538 1544 1533 1555 1550 1557 1557 1546 1552 1569 1547 1585 1575 1552 1594 1562 1567 1595 1573 1570 1585 1575 1581 1555 1582 1575 1601 1547 1575 1574 1572 1559 1589 1609 1584 1594 1577 1574 1560 1564 1573 1584 1567 1540 1565 1553 1556 1527 1564 1567 1542 1550 1563 1547 1540 1598 1549 1572 1552 1565 1583 1562 1584 1557 1548 1547 1569 1556 1563
1579 1553 1534 1564 1565 1539 1529 1539 1573 1528 1556 1538 1530 1550 1538 1559 1569 1559 1566 1556 1567 1594 1577 1551 1569 1583 1591 1560 1559 1553 1557 1569 1570 1579 1554 1537 1592 1559 1547 1530 1606 1541 1581 1591 1581 1575 1570 1584 1582 1562 1559 1550 1561 1549 1581 1579 1566 1579 1575 1558 1575 1551 1554 1534 1561 1572 1592 1523 1539 1552 1570 1532 1551 1562 1569 1550 1563 1589
1532 1565 1579 1565 1566 1549 1579 1535 1544 1537 1559 1570 1562 1541 1487 1497 1553 1547 1571 1553 1567 1560 1565 1544 1565 1566 1598 1536 1570 1563 1565 1559 1581 1581 1565 1585 1549 1552 1565 1554 1561 1535 1557 1571 1558 1567 1564 1571 1589 1552 1534 1564 1593 1581 1581 1561 1563 1536 1554 1531 1553 1547 1572 1581 1566 1560 1541 1572 1560 1579 1541 1547 1568 1536 1547 1556 1556 1561
1554 1531 1539 1540 1547 1574 1575 1547 1562 1554 1527 1562 1523 1585 1548 1564 1581 1571 1534 1556 1561 1578 1563 1553 1557 1549 1538 1577 1559 1536 1584 1589 1553 1586 1564 1520 1547 1516 1546 1526 1572 1570 1565 1583 1546 1537 1552 1580 1556 1563 1568 1560 1583 1560 1563 1569 1563 1555 1531 1500 1567 1535 1556 1549 1527 1558 1559 1575 1549 1538 1546 1529 1562 1556 1525 1534 1547 1557
1548 1530 1507 1528 1512 1528 1542 1530 1547 1564 1555 1539 1533 1550 1540 1539 1555 1552 1559 1529 1571 1551 1563 1562 1573 1552 1521 1572 1568 1576 1550 1573 1555 1555 1550 1510 1532 1534 1543 1575 1558 1547 1552 1560 1556 1541 1554 1560 1556 1555 1541 1569 1529 1546 1535 1580 1549 1534 1533 1551 1556 1528 1522 1516 1532 1529 1562 1547 1507 1534 1516 1549 1558 1541 1551 1529 1522 1524
1517 1549 1528 1527 1537 1529 1544 1532 1541 1553 1540 1549 1522 1555 1533 1514 1553 1550 1569 1527 1592 1538 1529 1547 1517 1559 1538 1539 1540 1581 1552 1536 1559 1529 1527 1563 1566 1565 1563 1576 1551 1539 1563 1561 1541 1567 1557 1541 1551 1559 1558 1553 1537 1542 1525 1528 1537 1533 1560 1534 1564 1521 1523 1535 1547 1546 1563 1542 1546 1549 1537 1518 1531 1551 1538 1523 1514 1528
1554 1508 1498 1544 1539 1524 1545 1535 1542 1509 1536 1544 1524 1547 1553 1505 1537 1538 1545 1556 1537 1540 1523 1537 1556 1516 1565 1568 1571 1545 1555 1542 1548 1561 1539 1537 1566 1516 1585 1556 1525 1552 1555 1517 1554 1529 1548 1553 1547 1527 1554 1543 1551 1554 1523 1534 1548 1532 1541 1537 1509 1536 1542 1536 1540 1520 1564 1522 1507 1543 1518 1556 1548 1522 1550 1528 1541 1535
1526 1540 1532 1545 1518 1516 1507 1538 1571 1553 1533 1528 1552 1570 1507 1527 1518 1534 1552 1542 1561 1540 1535 1535 1539 1530 1551 1543 1541 1572 1536 1572 1563 1559 1539 1533 1522 1578 1501 1574 1548 1560 1539 1568 1531 1539 1516 1528 1550 1538 1556 1510 1551 1553 1571 1571 1530 1514 1517 1521 1530 1537 1529 1543 1497 1525 1554 1522 1522 1523 1531 1540 1544 1538 1521 1493 1496 1513
1528 1506 1512 1528 1512 1542 1532 1515 1506 1503 1540 1536 1526 1521 1526 1545 1539 1523 1561 1506 1528 1544 1517 1536 1542 1559 1536 1525 1535 1564 1523 1545 1580 1549 1505 1564 1552 1526 1549 1518 1549 1562 1564 1505 1527 1530 1541 1551 1558 1531 1522 1533 1559 1511 1547 1563 1535 1530 1523 1515 1532 1527 1518 1511 1520 1513 1507 1568 1535 1519 1524 1505 1521 1476 1467 1475 1491 1471
