pempusa/M/Set3/bio_4.asc
NCOLS 1299 
NROWS 414 
XLLCORNER -84.955934442 
YLLCORNER 19.825068114 
CELLSIZE 0.00833333333333333 
NODATA_value -9999 
[rows 350 to 384 of 414, columns 1170 to 1247 of 1299]
1623 1628 1653 1619 1631 1617 1630 1608 1619 1628 1610 1609 1590 1605 1607 1609 1612 1634 1629 1627 1632 1618 1664 1663 1671 1623 1660 1649 1663 1627 1651 1627 1656 1661 1635 1628 1619 1593 1610 1630 1625 1611 1601 1603 1595 1610 1621 1612 1632 1588 1616 1589 1608 1627 1608 1587 1583 1594 1598 1600 1616 1619 1605 1617 1606 1610 1579 1558 1547 1556 1584 1570 1566 1555 1566 1565 1551 1545
1616 1613 1609 1645 1580 1613 1642 1629 1615 1613 1626 1637 1601 1600 1608 1588 1623 1583 1593 1653 1633 1623 1614 1616 1645 1642 1656 1656 1663 1612 1628 1649 1644 1654 1644 1625 1635 1609 1585 1622 1624 1605 1621 1609 1597 1596 1624 1628 1630 1617 1604 1624 1619 1597 1596 1582 1599 1569 1579 1557 1600 1593 1583 1606 1568 1574 1573 1562 1562 1555 1554 1567 1579 1599 1614 1574 1579 1585
1607 1598 1643 1631 1647 1621 1605 1617 1607 1654 1585 1648 1620 1606 1577 1614 1625 1581 1596 1591 1629 1602 1619 1619 1615 1642 1600 1597 1601 1623 1633 1656 1622 1621 1679 1619 1625 1613 1635 1601 1603 1615 1634 1612 1587 1611 1619 1620 1587 1590 1630 1580 1599 1584 1602 1615 1581 1590 1564 1591 1591 1601 1602 1582 1548 1558 1560 1559 1576 1547 1554 1588 1568 1601 1555 1562 1575 1522
1625 1594 1627 1616 1585 1626 1585 1619 1620 1624 1649 1623 1599 1609 1639 1639 1605 1580 1619 1604 1604 1587 1612 1591 1632 1627 1630 1625 1584 1621 1611 1624 1622 1627 1623 1627 1627 1632 1613 1616 1622 1620 1616 1624 1622 1612 1598 1605 1625 1603 1642 1603 1609 1597 1602 1584 1598 1578 1597 1598 1612 1595 1582 1555 1560 1585 1572 1589 1576 1585 1549 1592 1557 1586 1560 1549 1531 1547
1639 1610 1622 1589 1614 1608 1629 1592 1594 1579 1630 1598 1617 1632 1582 1588 1622 1602 1612 1581 1613 1592 1592 1595 1599 1588 1602 1621 1618 1603 1600 1635 1632 1639 1638 1604 1606 1659 1630 1625 1625 1615 1626 1620 1583 1606 1604 1611 1603 1618 1610 1598 1601 1615 1596 1583 1575 1582 1592 1575 1581 1568 1579 1587 1575 1566 1551 1595 1583 1558 1564 1585 1573 1557 1556 1574 1553 1560
1610 1611 1601 1592 1613 1636 1655 1593 1606 1639 1639 1623 1620 1639 1589 1570 1588 1597 1614 1630 1597 1614 1605 1597 1598 1610 1591 1642 1623 1595 1580 1595 1600 1628 1632 1611 1640 1634 1652 1611 1628 1605 1603 1596 1589 1591 1563 1597 1598 1586 1610 1598 1606 1565 1619 1624 1608 1566 1567 1570 1593 1561 1591 1585 1555 1544 1576 1556 1573 1563 1578 1561 1576 1555 1573 1549 1567 1507
1613 1625 1586 1611 1643 1600 1644 1584 1623 1573 1613 1613 1600 1617 1636 1663 1634 1628 1628 1595 1592 1630 1599 1592 1600 1616 1607 1610 1614 1627 1579 1609 1583 1626 1641 1632 1640 1602 1614 1618 1602 1631 1615 1622 1606 1572 1611 1608 1619 1618 1612 1591 1603 1600 1587 1600 1569 1603 1604 1566 1613 1614 1582 1576 1562 1548 1591 1578 1569 1570 1588 1522 1574 1549 1560 1569 1566 1550
1592 1612 1613 1610 1618 1581 1586 1624 1612 1597 1592 1640 1640 1591 1632 1627 1631 1672 1621 1639 1636 1608 1644 1605 1605 1598 1593 1589 1585 1623 1570 1613 1615 1615 1584 1641 1615 1636 1597 1600 1613 1620 1615 1621 1619 1611 1599 1587 1616 1619 1603 1586 1591 1578 1599 1608 1605 1591 1600 1587 1580 1585 1588 1578 1564 1568 1586 1538 1592 1576 1586 1561 1565 1561 1564 1573 1552 1545
1620 1616 1621 1629 1643 1599 1601 1618 1637 1618 1583 1679 1606 1610 1608 1604 1646 1633 1644 1618 1647 1628 1611 1621 1631 1618 1611 1603 1603 1606 1628 1637 1585 1604 1608 1593 1608 1597 1613 1615 1590 1604 1608 1621 1597 1611 1588 1610 1609 1609 1609 1596 1615 1587 1576 1567 1580 1573 1575 1602 1596 1602 1585 1573 1561 1554 1557 1545 1565 1555 1556 1531 1566 1590 1561 1547 1544 1550
1595 1615 1605 1626 1634 1620 1612 1642 1600 1633 1660 1625 1618 1618 1646 1652 1628 1602 1592 1644 1651 1636 1633 1620 1601 1596 1632 1635 1621 1628 1595 1587 1629 1616 1603 1567 1613 1615 1574 1607 1583 1582 1601 1596 1589 1578 1605 1623 1617 1606 1576 1576 1583 1552 1545 1576 1609 1600 1572 1587 1601 1554 1564 1566 1557 1579 1565 1576 1558 1587 1554 1547 1583 1556 1548 1542 1546 1536
1634 1630 1616 1618 1619 1619 1619 1633 1645 1578 1593 1650 1604 1600 1648 1618 1599 1605 1651 1628 1616 1611 1626 1607 1600 1599 1606 1616 1593 1622 1606 1630 1628 1606 1610 1625 1614 1602 1600 1586 1622 1608 1614 1600 1584 1596 1582 1592 1591 1555 1622 1595 1588 1572 1543 1553 1576 1589 1553 1613 1577 1534 1581 1571 1568 1557 1545 1576 1583 1572 1562 1566 1546 1566 1537 1564 1533 1537
1653 1617 1603 1611 1611 1630 1628 1589 1614 1637 1640 1650 1612 1592 1651 1645 1610 1588 1609 1595 1584 1583 1596 1589 1599 1611 1624 1611 1582 1609 1614 1601 1636 1622 1628 1586 1577 1555 1591 1583 1604 1614 1604 1603 1570 1619 1611 1574 1590 1543 1546 1615 1592 1581 1560 1577 1576 1576 1567 1552 1549 1571 1608 1608 1557 1555 1573 1541 1565 1556 1556 1539 1545 1568 1568 1556 1564 1542
1641 1591 1615 1636 1615 1628 1643 1639 1646 1648 1633 1624 1617 1592 1591 1599 1613 1627 1567 1568 1575 1626 1595 1603 1617 1607 1621 1578 1612 1598 1598 1578 1600 1597 1618 1603 1601 1591 1565 1577 1573 1593 1604 1590 1600 1603 1600 1576 1572 1577 1581 1569 1583 1564 1553 1548 1560 1617 1573 1573 1557 1582 1540 1591 1586 1532 1582 1532 1561 1552 1572 1586 1542 1557 1544 1507 1543 1518
1627 1627 1637 1632 1616 1598 1629 1615 1635 1593 1599 1610 1634 1624 1636 1593 1608 1591 1597 1607 1587 1552 1624 1592 1606 1612 1606 1602 1603 1611 1609 1603 1602 1606 1607 1585 1601 1573 1578 1580 1587 1602 1592 1592 1603 1596 1588 1609 1586 1556 1540 1603 1573 1591 1589 1576 1573 1574 1538 1603 1578 1567 1555 1559 1545 1581 1582 1585 1528 1558 1556 1561 1564 1555 1547 1507 1543 1552
1630 1634 1598 1598 1621 1618 1609 1621 1614 1605 1616 1616 1630 1614 1613 1602 1591 1611 1619 1600 1602 1586 1596 1592 1603 1620 1640 1595 1615 1632 1595 1610 1620 1592 1595 1588 1587 1603 1573 1600 1583 1595 1590 1605 1610 1604 1584 1610 1569 1599 1590 1553 1578 1534 1588 1604 1582 1559 1583 1583 1593 1562 1535 1567 1550 1560 1578 1527 1568 1571 1526 1554 1582 1564 1568 1514 1555 1526
1618 1621 1602 1614 1577 1603 1590 1597 1615 1612 1590 1614 1621 1644 1620 1619 1619 1609 1575 1588 1593 1583 1636 1593 1601 1632 1606 1607 1637 1629 1611 1606 1592 1588 1604 1591 1600 1598 1592 1592 1607 1588 1587 1576 1609 1576 1586 1621 1603 1598 1592 1601 1600 1578 1576 1581 1568 1552 1565 1552 1568 1568 1536 1567 1560 1572 1547 1569 1580 1544 1537 1578 1583 1555 1555 1539 -9999 -9999
1580 1599 1596 1581 1600 1603 1604 1605 1611 1601 1593 1614 1610 1625 1614 1594 1598 1583 1604 1579 1562 1614 1603 1580 1588 1620 1585 1586 1619 1570 1583 1613 1603 1595 1583 1596 1570 1608 1567 1595 1567 1577 1588 1596 1561 1583 1574 1575 1556 1599 1545 1587 1603 1557 1588 1573 1556 1546 1566 1597 1569 1571 1540 1557 1567 1571 1547 1523 1555 1560 1527 1537 1537 1537 -9999 -9999 -9999 -9999
1576 1583 1593 1593 1583 1606 1601 1600 1591 1603 1603 1606 1619 1611 1618 1612 1595 1624 1600 1632 1607 1616 1604 1598 1611 1588 1561 1593 1590 1611 1583 1596 1597 1595 1586 1612 1605 1609 1593 1565 1559 1585 1598 1581 1575 1597 1541 1591 1586 1588 1566 1579 1555 1563 1551 1542 1530 1573 1563 1574 1557 1555 1562 1553 1553 1575 1549 1531 1541 1559 1559 1522 -9999 -9999 -9999 -9999 -9999 -9999
1599 1567 1610 1607 1604 1619 1588 1611 1607 1586 1605 1600 1615 1621 1613 1600 1602 1584 1605 1636 1607 1618 1598 1624 1598 1581 1592 1592 1616 1577 1595 1595 1588 1570 1603 1585 1599 1630 1587 1567 1575 1581 1581 1568 1538 1596 1600 1583 1549 1586 1593 1553 1570 1545 1553 1572 1556 1564 1544 1565 1555 1555 1522 1568 1541 1555 1541 1553 1550 1538 1549 -9999 -9999 -9999 -9999 -9999 -9999 -9999
1575 1579 1588 1614 1601 1613 1592 1587 1555 1579 1575 1616 1639 1610 1601 1614 1619 1585 1626 1590 1624 1596 1588 1589 1587 1589 1584 1568 1584 1570 1586 1589 1592 1592 1584 1601 1608 1585 1584 1614 1560 1580 1551 1590 1579 1557 1556 1596 1568 1570 1579 1558 1558 1554 1542 1516 1562 1535 1555 1544 1553 1543 1535 1554 1543 1546 1542 1563 -9999 -9999 -9999 -9999 -9999 -9999 -9999 -9999 -9999 -9999
1576 1559 1579 1591 1582 1581 1586 1579 1592 1596 1608 1600 1608 1602 1583 1625 1624 1598 1603 1605 1610 1588 1613 1603 1584 1580 1574 1574 1586 1578 1582 1590 1554 1613 1595 1569 1581 1576 1576 1596 1574 1596 1553 1584 1533 1566 1569 1545 1540 1555 1539 1582 1592 1562 1553 1553 1551 1548 1565 1559 1566 1548 1545 1550 1536 -9999 -9999 -9999 -9999 -9999 -9999 -9999 -9999 -9999 -9999 -9999 -9999 -9999
1550 1570 1566 1566 1592 1601 1593 1605 1599 1581 1573 1552 1579 1576 1564 1594 1610 1616 1613 1605 1599 1592 1596 1606 1588 1608 1574 1584 1593 1562 1572 1603 1587 1575 1614 1589 1560 1608 1556 1605 1594 1555 1577 1585 1595 1587 1552 1564 1596 1548 1556 1569 1562 1542 1556 1567 1552 1529 1571 1522 1524 1540 -9999 -9999 -9999 -9999 -9999 -9999 -9999 -9999 -9999 -9999 -9999 -9999 -9999 -9999 -9999 -9999
1561 1561 1573 1575 1583 1571 1569 1581 1581 1562 1581 1593 1594 1599 1583 1579 1579 1602 1571 1586 1587 1606 1616 1602 1589 1617 1608 1576 1594 1609 1598 1596 1589 1587 1583 1564 1591 1543 1569 1595 1597 1532 1586 1582 1568 1544 1528 1561 1539 1525 1542 1550 1534 1542 1560 1565 1565 1547 1524 -9999 -9999 -9999 -9999 -9999 -9999 -9999 -9999 -9999 -9999 -9999 -9999 -9999 -9999 -9999 -9999 -9999 -9999 -9999
1571 1577 1569 1568 1555 1581 1582 1573 1567 1576 1579 1581 1581 1613 1604 1568 1580 1569 1595 1587 1591 1591 1566 1601 1602 1606 1588 1595 1569 1587 1568 1569 1587 1599 1555 1571 1589 1551 1548 1585 1563 1554 1572 1576 1552 1566 1549 1541 1532 1561 1563 1571 1541 1541 1564 1540 -9999 -9999 -9999 -9999 -9999 -9999 -9999 -9999 -9999 -9999 -9999 -9999 -9999 -9999 -9999 -9999 -9999 -9999 -9999 -9999 -9999 -9999
1573 1571 1554 1572 1578 1579 1567 1567 1587 1583 1576 1590 1579 1579 1597 1567 1611 1607 1565 1607 1568 1588 1599 1582 1586 1578 1586 1594 1591 1587 1584 1595 1545 1599 1564 1558 1562 1571 1582 1562 1555 1540 1586 1525 1564 1558 1527 1564 1545 1564 1551 1548 1517 1539 -9999 -9999 -9999 -9999 -9999 -9999 -9999 -9999 -9999 -9999 -9999 -9999 -9999 -9999 -9999 -9999 -9999 -9999 -9999 -9999 -9999 -9999 -9999 -9999
1584 1588 1570 1552 1568 1580 1574 1562 1573 1566 1584 1572 1565 1573 1584 1581 1622 1566 1603 1580 1597 1605 1584 1582 1578 1578 1572 1574 1562 1572 1576 1573 1574 1568 1574 1548 1556 1542 1529 1552 1550 1575 1570 1572 1541 1534 1540 1548 1564 1540 1548 1523 1537 1561 -9999 -9999 -9999 -9999 -9999 -9999 -9999 -9999 -9999 -9999 -9999 -9999 -9999 -9999 -9999 -9999 -9999 -9999 -9999 -9999 -9999 -9999 -9999 -9999
1543 1574 1546 1567 1570 1561 1555 1555 1566 1559 1556 1589 1577 1593 1601 1594 1581 1600 1603 1580 1595 1578 1591 1575 1589 1595 1587 1627 1595 1567 1603 1582 1592 1576 1578 1598 1578 1537 1550 1555 1554 1546 1552 1527 1556 1544 1527 1570 1531 1533 1543 1534 1533 -9999 -9999 -9999 -9999 -9999 -9999 -9999 -9999 -9999 -9999 -9999 -9999 -9999 -9999 -9999 -9999 -9999 -9999 -9999 -9999 -9999 -9999 -9999 -9999 -9999
1545 1563 1555 1564 1561 1560 1560 1575 1573 1573 1576 1552 1568 1541 1585 1578 1567 1582 1569 1607 1582 1574 1616 1631 1587 1604 1595 1596 1595 1587 1575 1548 1580 1575 1562 1580 1567 1552 1532 1545 1564 1563 1559 1529 1565 1582 1537 1547 1550 1548 1517 1552 -9999 -9999 -9999 -9999 -9999 -9999 -9999 -9999 -9999 -9999 -9999 -9999 -9999 -9999 -9999 -9999 -9999 -9999 -9999 -9999 -9999 -9999 -9999 -9999 -9999 -9999
1556 1557 1569 1548 1549 1562 1581 1554 1552 1555 1567 1558 1538 1544 1571 1575 1544 1554 1542 1569 1552 1579 1604 1579 1582 1589 1613 1592 1567 1561 1560 1567 1543 1565 1574 1573 1554 1550 1543 1559 1568 1579 1556 1558 1577 1540 1546 1529 1538 1539 1525 -9999 -9999 -9999 -9999 -9999 -9999 -9999 -9999 -9999 -9999 -9999 -9999 -9999 -9999 -9999 -9999 -9999 -9999 -9999 -9999 -9999 -9999 -9999 -9999 -9999 -9999 -9999
1548 1561 1561 1578 1586 1564 1553 1542 1544 1539 1542 1543 1578 1598 1532 1563 1555 1550 1575 1565 1588 1593 1572 1594 1588 1582 1589 1587 1552 1573 1550 1558 1542 1542 1565 1545 1538 1550 1530 1539 1555 1547 1564 1573 1552 1568 1541 1529 1531 1538 1534 -9999 -9999 -9999 -9999 -9999 -9999 -9999 -9999 -9999 -9999 -9999 -9999 -9999 -9999 -9999 -9999 -9999 -9999 -9999 -9999 -9999 -9999 -9999 -9999 -9999 -9999 -9999
1556 1573 1570 1540 1565 1546 1557 1565 1566 1541 1570 1548 1539 1535 1571 1569 1540 1581 1577 1565 1572 1587 1575 1557 1548 1557 1575 1578 1556 1576 1557 1531 1556 1532 1520 1556 1527 1563 1565 1551 1555 1553 1552 1559 1552 1545 1553 1518 1537 1540 -9999 -9999 -9999 -9999 -9999 -9999 -9999 -9999 -9999 -9999 -9999 -9999 -9999 -9999 -9999 -9999 -9999 -9999 -9999 -9999 -9999 -9999 -9999 -9999 -9999 -9999 -9999 -9999
1548 1549 1532 1560 1568 1555 1550 1536 1538 1547 1537 1555 1575 1555 1552 1556 1562 1556 1577 1576 1578 1582 1563 1547 1537 1559 1561 1556 1548 1551 1568 1513 1551 1538 1568 1535 1545 1532 1533 1538 1579 1553 1544 1530 1526 1556 1537 1542 1504 1516 -9999 -9999 -9999 -9999 -9999 -9999 -9999 -9999 -9999 -9999 -9999 -9999 -9999 -9999 -9999 -9999 -9999 -9999 -9999 -9999 -9999 -9999 -9999 -9999 -9999 -9999 -9999 -9999
1562 1549 1559 1570 1564 1543 1520 1523 1526 1537 1545 1554 1568 1567 1570 1573 1542 1549 1552 1583 1560 1560 1563 1540 1552 1524 1558 1594 1583 1576 1554 1533 1531 1531 1549 1561 1526 1520 1531 1529 1520 1567 1529 1545 1518 1530 1553 1522 1508 1510 -9999 -9999 -9999 -9999 -9999 -9999 -9999 -9999 -9999 -9999 -9999 -9999 -9999 -9999 -9999 -9999 -9999 -9999 -9999 -9999 -9999 -9999 -9999 -9999 -9999 -9999 -9999 -9999
1547 1545 1560 1545 1520 1520 1532 1547 1555 1578 1555 1556 1557 1564 1553 1587 1586 1565 1566 1554 1566 1551 1563 1569 1557 1517 1554 1544 1549 1566 1559 1565 1555 1579 1565 1535 1543 1557 1564 1528 1526 1532 1533 1530 1502 1511 1486 1492 1515 -9999 -9999 -9999 -9999 -9999 -9999 -9999 -9999 -9999 -9999 -9999 -9999 -9999 -9999 -9999 -9999 -9999 -9999 -9999 -9999 -9999 -9999 -9999 -9999 -9999 -9999 -9999 -9999 -9999
1551 1542 1511 1511 1506 1522 1534 1548 1527 1555 1567 1578 1592 1601 1593 1580 1570 1582 1565 1551 1558 1567 1576 1552 1566 1546 1543 1580 1566 1553 1558 1553 1545 1553 1509 1529 1539 1568 1561 1559 1532 1544 1541 1528 1546 1519 1527 1489 1532 -9999 -9999 -9999 -9999 -9999 -9999 -9999 -9999 -9999 -9999 -9999 -9999 -9999 -9999 -9999 -9999 -9999 -9999 -9999 -9999 -9999 -9999 -9999 -9999 -9999 -9999 -9999 -9999 -9999
