pempusa/M/Set3/bio_13.asc
NCOLS 1299 
NROWS 414 
XLLCORNER -84.955934442 
YLLCORNER 19.825068114 
CELLSIZE 0.00833333333333333 
NODATA_value -9999 
[rows 70 to 104 of 414, columns 553 to 631 of 1299]
212 212 212 211 210 209 209 208 207 206 205 204 204 203 203 202 201 201 200 200 202 202 203 205 206 202 202 202 204 206 206 207 209 210 212 213 213 214 213 213 212 210 208 209 206 205 206 208 203 204 201 200 199 199 199 198 198 198 197 197 196 196 196 195 195 195 194 194 193 193 193 192 192 191 191 190 191 192 193
213 213 212 211 211 210 209 209 208 208 208 207 206 205 205 204 203 202 202 202 205 205 207 211 211 210 205 204 205 207 208 209 211 211 213 215 215 215 214 214 214 213 212 211 214 207 208 210 208 206 203 203 202 201 201 201 200 200 199 199 198 198 197 197 197 196 196 195 195 195 194 194 193 193 192 192 191 192 193
214 214 213 212 211 211 210 210 210 209 209 209 208 207 207 206 205 205 205 205 207 207 208 210 214 214 212 207 207 208 211 212 213 214 214 215 216 216 217 217 216 216 216 215 214 213 210 210 209 208 208 211 205 205 204 203 202 202 201 201 200 200 199 199 198 198 198 197 197 196 196 195 195 194 194 193 192 192 193
215 215 214 213 213 212 212 212 211 211 210 210 210 210 209 209 206 207 207 208 209 209 210 212 213 215 212 210 209 210 212 213 214 215 216 217 217 217 218 217 217 219 219 219 219 217 217 212 212 213 213 210 208 208 208 207 206 203 203 203 202 202 201 201 200 200 199 199 198 198 197 197 196 196 195 194 193 193 193
216 215 215 214 213 213 213 212 212 212 212 211 211 211 210 209 209 210 210 210 211 212 213 214 215 214 213 213 212 213 213 214 216 217 217 218 217 218 219 219 219 219 219 221 221 222 224 219 215 216 220 218 213 210 210 209 208 208 205 204 204 204 203 202 202 202 201 200 200 199 199 198 198 197 196 196 195 195 194
216 216 215 214 214 214 214 214 213 213 213 213 212 212 211 211 211 213 213 212 214 214 215 216 216 215 215 214 214 216 216 216 216 218 218 219 220 220 220 221 221 221 221 222 223 223 224 223 221 222 222 219 218 213 213 212 211 210 211 207 206 206 205 204 204 203 203 202 202 201 200 200 199 198 198 197 196 196 195
217 216 216 215 215 215 215 215 215 215 215 214 213 213 213 213 213 214 215 217 216 218 218 219 219 218 217 216 217 219 220 219 219 219 220 220 221 221 222 222 223 224 224 224 224 226 226 225 224 223 220 219 218 218 216 215 214 213 212 210 209 208 207 207 206 205 205 204 203 203 202 202 201 200 199 199 198 197 196
218 217 216 216 216 216 217 216 216 216 216 216 215 216 215 215 216 216 217 218 220 221 223 222 220 220 219 219 220 221 223 223 222 222 222 222 221 223 223 224 225 227 226 226 226 227 228 228 227 226 225 225 224 221 219 217 217 215 214 212 211 210 209 209 208 207 206 206 205 205 204 203 202 201 201 200 199 198 198
219 218 217 217 217 217 217 218 217 217 217 217 217 218 217 217 218 220 219 220 222 224 225 225 226 222 222 222 223 224 226 225 224 225 225 225 224 224 225 226 227 228 228 228 228 228 229 229 229 228 228 227 226 224 222 221 219 217 216 215 214 213 212 211 210 209 208 207 207 206 205 204 203 203 202 201 201 200 199
220 219 218 218 217 218 218 219 219 219 219 219 220 220 219 220 220 222 223 223 224 226 227 227 227 225 224 223 226 228 229 228 227 228 229 228 228 227 227 228 229 230 231 232 232 231 231 230 230 230 229 230 228 226 225 223 222 219 218 217 216 215 214 213 212 211 210 209 209 208 207 205 205 205 204 203 202 201 200
222 220 219 218 219 219 220 221 221 221 221 222 222 222 222 222 222 223 224 225 227 228 230 231 229 227 226 226 230 232 232 232 231 231 231 233 231 230 230 230 232 232 233 234 234 234 234 234 232 231 230 229 228 228 226 225 224 223 221 220 219 218 215 215 214 213 212 211 210 209 209 208 207 206 205 204 203 202 201
224 223 222 220 221 221 222 223 223 224 224 224 225 224 224 225 225 226 226 227 228 229 229 232 231 231 230 228 231 233 235 235 234 234 234 235 236 235 234 233 234 235 235 236 236 236 237 237 236 234 233 232 231 229 228 227 226 225 224 223 222 220 220 220 216 215 214 213 212 211 211 210 209 208 207 206 204 203 202
226 225 224 223 223 224 225 226 226 226 226 227 227 226 226 227 228 229 229 230 230 231 231 232 232 232 231 231 232 234 236 238 237 238 238 238 239 240 238 238 236 238 238 239 239 240 240 240 239 239 237 236 234 232 231 230 228 227 226 224 224 223 222 221 219 217 216 215 214 213 212 211 210 209 208 207 206 205 204
228 227 227 227 227 227 228 228 229 229 229 229 230 229 229 229 231 231 232 233 233 233 234 234 234 234 233 233 234 235 237 239 241 241 241 241 244 244 241 241 240 240 242 242 243 243 244 244 244 243 241 241 238 236 235 234 232 230 228 227 224 224 223 223 221 219 218 218 216 215 214 217 218 218 210 208 207 206 205
230 230 230 230 230 231 231 231 231 232 232 232 232 232 231 231 233 234 234 235 236 236 237 237 236 236 236 236 236 237 239 240 242 244 245 246 246 251 250 247 243 243 244 246 246 247 247 248 248 247 246 244 243 240 238 238 236 234 231 230 228 226 224 223 222 221 221 219 219 217 216 215 215 215 214 214 211 208 207
232 232 233 233 234 234 234 234 234 234 234 235 235 234 235 234 234 236 236 238 239 239 240 240 240 239 239 239 238 239 240 242 243 244 246 248 250 251 254 253 251 246 247 248 249 250 251 251 250 248 247 245 244 241 240 241 239 235 233 232 230 228 226 225 224 224 223 222 220 219 218 220 220 217 215 214 212 210 209
234 235 235 236 237 237 237 237 238 237 237 238 238 237 237 236 237 237 238 240 242 243 242 244 246 242 242 241 241 242 242 244 244 245 247 248 250 251 253 256 254 250 249 250 251 254 254 254 254 253 250 249 246 244 242 241 240 238 238 234 232 231 229 227 226 227 226 224 222 222 220 220 222 222 218 215 213 212 211
237 237 238 239 240 240 240 240 241 240 241 241 241 240 240 239 239 239 240 242 243 244 245 246 247 248 244 244 244 245 246 245 246 248 249 250 252 253 257 257 258 257 253 253 254 255 257 257 257 256 254 253 249 246 244 243 241 239 238 237 234 233 230 229 229 228 227 225 225 224 222 222 222 224 223 217 215 214 212
239 239 240 242 242 243 244 244 244 244 244 243 243 242 242 241 241 240 242 243 244 245 246 247 248 249 249 248 247 248 249 250 249 250 251 253 254 256 258 260 262 262 259 256 256 257 258 260 260 259 258 255 252 248 246 244 242 240 239 237 236 234 232 231 231 232 229 227 227 227 225 224 223 224 223 220 218 216 215
241 242 243 244 245 246 247 247 247 247 247 247 245 245 244 244 243 242 244 245 245 246 247 248 249 251 253 250 251 252 252 253 253 253 253 254 256 257 259 262 263 265 266 262 260 260 260 261 262 261 260 259 256 252 249 247 245 243 241 240 237 236 234 234 234 234 231 229 229 229 228 227 226 225 224 227 222 219 217
243 243 246 247 247 248 250 250 251 251 250 250 248 247 247 246 244 244 244 246 247 247 248 249 250 252 253 254 258 259 255 259 260 257 257 257 257 260 261 263 264 266 267 267 265 263 263 263 263 264 263 262 259 256 252 250 248 245 243 241 240 239 236 236 239 236 233 232 230 231 232 229 228 229 228 228 224 222 219
244 246 247 248 250 251 252 253 254 254 253 252 251 250 249 248 247 246 246 246 246 248 248 249 251 252 254 255 257 260 263 264 265 262 261 260 260 262 264 266 267 268 269 268 268 267 266 266 266 265 265 264 262 259 255 253 250 247 245 244 242 242 238 239 239 237 235 234 232 234 233 234 233 230 229 228 229 225 222
245 247 249 250 251 253 255 256 257 256 255 254 253 251 250 249 248 248 247 247 248 248 250 251 252 253 255 257 258 261 263 267 268 266 265 265 264 264 266 267 269 271 272 271 271 270 270 269 269 268 267 268 266 263 258 255 252 249 247 247 245 242 240 241 241 239 238 236 235 233 234 234 234 233 233 230 229 227 224
245 248 249 251 254 255 258 259 259 258 258 256 254 253 252 251 250 250 248 248 250 250 250 251 253 254 255 257 259 262 265 269 270 269 268 268 268 267 269 271 272 273 275 276 275 275 274 273 273 271 269 267 265 265 262 259 254 251 251 251 248 245 243 242 243 242 241 238 236 235 234 235 234 234 233 233 229 228 226
246 247 249 251 254 257 260 260 261 260 259 257 256 254 253 252 251 250 249 249 249 250 250 251 253 254 256 258 261 264 267 269 272 272 271 271 271 272 272 273 275 277 279 279 279 279 278 277 276 274 272 269 266 264 261 260 256 253 252 254 252 249 245 244 243 246 248 242 238 237 236 238 236 236 235 234 233 230 227
246 249 251 254 256 259 263 264 262 260 259 257 256 255 254 252 252 251 251 250 250 250 251 252 253 256 258 260 262 265 267 270 271 272 273 274 275 276 276 277 280 280 281 282 282 282 282 281 280 278 275 272 269 267 263 260 258 258 256 257 254 254 249 245 245 245 248 251 242 239 237 236 238 238 238 236 234 232 229
245 247 250 252 256 259 261 263 262 260 258 257 256 255 254 253 252 252 252 251 251 251 251 253 254 256 257 260 263 265 269 271 272 274 275 277 278 279 280 280 283 285 285 286 287 287 286 285 283 281 279 275 272 269 265 262 263 262 261 263 262 263 252 248 246 245 248 251 246 243 241 238 237 240 239 238 236 234 231
246 248 250 252 255 258 259 260 259 258 257 256 255 254 253 252 252 253 251 251 253 253 252 253 254 256 259 261 264 267 270 273 274 274 275 278 279 282 284 285 287 288 291 291 291 291 292 290 286 283 280 278 273 271 268 265 266 265 263 267 266 265 255 252 249 246 246 250 254 250 243 240 238 239 241 241 240 237 235
246 248 250 251 253 255 257 257 257 256 255 255 254 253 253 252 252 253 252 252 253 253 252 253 255 257 260 263 267 269 271 273 275 276 277 279 279 281 284 287 290 293 295 296 296 296 296 295 293 289 286 280 276 273 270 268 268 269 266 265 264 261 257 254 251 249 247 249 252 253 247 245 240 239 239 240 242 241 239
245 246 247 248 250 252 253 254 254 253 253 253 253 252 251 251 252 252 252 252 253 253 252 253 255 259 262 265 266 267 270 274 275 276 277 279 281 283 287 289 292 295 296 299 301 302 300 297 295 292 287 283 280 275 272 271 270 273 269 268 264 262 260 256 253 250 249 250 250 250 250 248 244 241 239 239 238 242 241
242 243 245 247 247 248 249 250 250 250 250 250 250 250 250 250 251 251 251 252 253 254 254 253 254 258 260 263 265 266 269 273 275 275 277 281 282 285 289 290 293 296 298 300 304 305 305 302 299 295 291 287 282 280 277 275 273 273 272 269 265 262 260 257 255 254 251 251 251 251 259 251 247 244 241 239 239 242 243
241 242 242 244 244 244 245 247 247 247 248 248 248 248 249 249 249 250 251 252 253 254 253 253 254 256 258 260 263 266 270 273 273 275 280 283 286 289 291 293 296 300 304 304 305 310 310 309 305 299 298 292 291 281 278 280 277 277 278 273 268 265 263 261 258 256 255 253 254 253 256 260 252 247 245 241 240 240 243
237 239 240 240 241 242 243 243 243 244 244 245 245 246 247 247 248 249 250 251 251 252 252 253 254 256 258 260 262 265 267 271 273 277 281 285 290 292 294 297 300 305 308 311 314 313 316 315 308 308 303 294 289 282 281 281 281 279 276 274 276 268 269 263 259 257 256 255 253 252 253 259 254 251 247 243 241 240 239
236 238 238 239 239 239 240 241 241 241 241 242 243 244 244 246 247 248 248 249 250 250 250 252 254 256 260 262 263 265 267 270 273 276 281 285 289 295 298 301 304 307 311 316 319 320 320 320 318 308 300 296 289 285 281 283 284 282 277 274 271 273 269 265 262 258 257 257 255 254 255 257 256 255 249 246 244 242 241
236 236 236 236 236 236 237 237 238 238 238 239 240 241 243 244 246 247 247 247 247 248 251 253 254 256 261 263 265 265 268 272 273 277 282 286 290 296 300 304 307 311 315 319 323 325 327 326 321 313 305 302 293 290 284 285 284 281 277 274 270 274 267 264 262 260 258 257 255 253 255 256 258 257 255 249 246 245 243
