pempusa/M/Set3/bio_13.asc
NCOLS 1299 
NROWS 414 
XLLCORNER -84.955934442 
YLLCORNER 19.825068114 
CELLSIZE 0.00833333333333333 
NODATA_value -9999 
[rows 315 to 349 of 414, columns 1027 to 1105 of 1299]
166 166 167 167 168 168 168 168 169 169 169 170 170 170 171 171 171 172 172 173 173 173 173 174 175 175 176 176 178 179 181 183 184 185 187 189 191 189 189 191 193 193 189 187 187 186 186 187 188 188 188 188 188 188 189 190 191 192 193 192 192 192 193 194 195 195 199 197 199 199 203 204 203 204 208 206 208 209 209
167 167 167 168 168 168 169 169 169 170 170 170 171 171 171 172 172 172 173 173 173 174 174 175 175 176 176 177 178 179 181 182 183 185 187 189 190 192 194 195 194 195 194 190 188 188 189 189 189 189 189 189 190 190 190 190 191 192 192 193 194 193 194 195 196 196 199 200 201 201 205 206 207 206 209 208 210 210 211
168 168 168 168 169 169 169 170 170 170 170 171 171 172 172 172 172 173 173 174 174 175 175 175 176 177 177 178 178 180 181 182 186 188 189 190 193 194 191 193 194 196 198 192 191 192 191 191 190 191 191 191 191 192 192 192 191 192 193 194 194 195 195 196 197 198 199 202 203 205 208 209 210 209 210 209 211 212 212
169 169 169 169 170 170 170 170 171 171 171 171 172 172 173 173 173 174 174 174 175 175 176 176 176 177 177 178 179 180 181 184 186 189 193 194 195 190 190 190 192 193 194 199 199 198 194 193 192 192 192 192 192 193 193 193 193 193 193 194 195 195 196 198 198 199 201 205 205 207 210 210 212 212 212 211 212 213 213
169 169 170 170 170 171 171 171 171 172 172 172 173 173 173 174 174 174 175 175 176 176 176 177 177 178 178 179 180 181 182 184 186 188 189 192 191 189 189 189 191 192 193 195 203 203 201 200 195 194 194 194 195 194 194 194 194 194 195 195 196 196 197 198 200 202 202 203 207 210 211 213 212 212 212 214 214 215 214
170 170 171 171 171 172 172 172 172 172 173 173 173 174 174 175 175 175 176 176 176 177 177 177 178 178 179 179 180 181 182 184 186 185 186 187 188 188 189 190 191 192 193 194 197 204 203 201 201 197 198 197 197 196 195 195 195 195 196 196 198 198 199 201 201 203 204 208 210 210 214 213 216 213 214 215 215 215 216
171 171 171 172 172 172 173 173 173 173 174 174 174 175 175 175 176 176 176 177 177 177 178 178 179 179 180 180 181 181 182 183 184 185 186 187 188 189 189 190 191 192 193 194 196 197 204 202 205 207 202 202 201 197 196 196 196 196 197 198 199 198 200 201 204 206 205 211 214 212 212 215 214 215 218 222 219 220 218
172 172 172 172 173 173 173 174 174 174 174 175 175 175 176 176 176 177 177 177 178 178 179 179 180 180 180 181 181 182 183 184 185 185 186 187 188 189 190 191 191 192 193 194 195 197 200 205 205 205 205 205 206 199 197 197 197 198 199 198 198 199 200 203 205 208 209 214 213 213 215 215 216 216 219 225 222 226 219
173 173 173 173 174 174 174 174 175 175 175 176 176 176 176 177 177 178 178 178 179 179 180 180 180 181 181 182 182 184 184 184 185 186 187 188 188 189 190 191 192 192 193 195 196 197 199 204 207 201 205 206 204 198 198 198 198 199 200 200 200 200 201 203 206 208 211 210 212 215 217 217 218 221 223 223 228 225 230
174 174 174 174 174 175 175 175 175 176 176 176 177 177 177 178 178 178 179 179 179 180 180 181 181 181 181 182 183 184 185 185 186 187 187 189 189 190 190 191 192 193 194 195 196 198 199 208 208 201 199 200 200 200 200 200 199 200 200 200 202 201 203 204 208 210 216 215 215 216 218 219 225 221 221 231 233 233 232
175 175 175 175 175 176 176 176 176 177 177 177 177 178 178 178 178 179 179 180 180 181 181 181 182 182 182 183 184 184 185 185 189 188 188 189 191 191 191 192 192 193 194 195 196 197 201 203 201 201 200 200 200 199 200 200 200 201 201 202 203 203 205 207 210 214 214 216 217 218 223 227 226 223 225 234 240 244 235
175 175 176 176 176 176 177 177 177 177 178 178 178 178 179 179 179 180 180 180 181 181 182 182 182 183 183 184 184 185 186 187 190 189 189 190 191 191 191 192 193 193 194 196 197 198 199 201 201 201 200 200 200 200 200 201 201 201 202 202 204 204 206 208 214 216 217 215 221 223 223 233 234 230 230 234 240 244 239
176 176 176 176 177 177 177 178 178 178 178 179 179 179 180 180 180 180 181 181 181 182 182 183 183 183 184 184 185 186 187 190 194 190 190 190 191 191 192 192 193 194 195 195 196 198 199 200 202 202 201 201 201 201 201 202 202 203 202 203 204 206 207 211 215 216 218 216 223 228 232 228 238 238 236 240 243 248 246
177 177 177 177 177 178 178 178 179 179 179 179 179 180 180 181 181 181 182 182 182 183 183 183 184 184 185 185 186 187 187 193 194 191 190 191 191 192 192 192 193 194 195 196 198 199 200 201 201 202 202 201 202 202 202 202 202 203 203 205 206 206 211 215 216 221 219 225 228 229 230 238 237 245 242 247 256 251 256
177 177 178 178 178 178 178 179 179 180 180 180 180 180 181 181 181 181 182 182 183 183 183 184 184 185 185 186 187 189 191 192 195 191 191 191 191 192 192 193 194 195 196 197 199 200 200 201 201 202 202 202 202 202 202 202 203 204 204 205 207 207 214 220 223 227 224 230 235 237 239 239 246 250 249 256 263 262 257
178 178 179 179 179 179 179 179 180 180 181 181 181 182 181 182 182 182 183 183 183 184 184 184 185 185 186 187 188 189 190 191 195 194 192 191 192 192 192 193 195 195 196 198 199 199 200 201 201 203 204 203 203 203 203 204 204 204 206 207 207 211 216 223 229 230 230 227 232 237 239 242 247 256 263 263 263 261 258
179 179 179 179 180 180 180 180 181 181 181 181 182 182 182 182 183 183 184 184 184 185 185 185 186 186 187 187 188 189 190 191 194 192 192 191 192 192 193 193 195 196 196 198 199 200 200 200 201 203 204 204 204 204 204 204 204 205 207 208 208 215 219 220 223 227 230 231 231 236 239 242 252 262 265 263 261 261 258
180 180 180 180 180 181 181 181 181 182 182 182 182 183 183 183 183 184 184 184 185 185 186 186 187 187 187 188 188 189 189 191 192 193 192 192 192 192 193 194 195 195 196 198 198 199 199 201 202 203 204 204 205 205 205 205 205 206 208 210 213 217 223 224 222 223 225 229 237 241 245 256 262 264 265 261 261 261 260
180 181 181 181 181 181 181 182 182 182 183 183 183 183 184 184 184 184 185 185 186 186 186 187 187 188 188 188 191 193 190 190 191 192 193 192 193 193 194 195 195 196 196 197 198 199 200 201 202 203 204 204 205 206 206 206 207 207 208 211 213 218 220 228 224 228 231 237 240 250 257 268 266 264 264 262 257 258 242
182 182 182 182 182 182 183 183 183 183 183 184 184 184 184 185 185 185 186 186 186 187 187 187 188 189 189 189 189 190 190 191 191 192 191 192 193 194 194 196 196 197 198 199 199 199 200 201 202 203 204 205 206 207 208 208 207 208 209 214 213 226 224 223 223 224 230 233 240 267 277 269 264 261 264 262 240 242 234
191 183 183 183 183 183 183 183 184 184 184 185 185 185 185 185 186 186 187 187 187 188 188 188 188 189 189 190 190 191 191 191 192 193 193 194 193 195 195 197 197 197 198 200 201 201 201 203 203 203 204 205 207 207 208 209 209 209 210 213 214 220 225 229 229 227 232 229 258 279 272 266 263 259 260 259 239 231 229
194 194 185 185 184 184 185 185 185 185 185 185 185 186 186 186 187 187 187 187 188 188 188 189 189 189 190 190 191 191 192 192 193 193 193 194 194 195 196 196 197 198 199 200 201 202 202 203 204 205 204 206 206 207 208 210 211 212 213 213 222 224 225 229 236 233 231 240 270 274 270 261 261 253 240 240 235 236 232
191 192 190 187 187 187 186 186 186 186 186 186 187 187 187 187 188 188 188 188 189 189 189 190 190 190 190 191 192 192 193 193 194 194 194 195 196 196 196 197 198 199 199 200 201 202 203 203 204 205 206 207 207 208 209 210 211 213 214 215 223 226 227 233 238 240 240 273 274 271 266 257 247 237 233 231 233 232 233
190 190 189 189 187 188 188 187 187 187 187 187 187 188 188 187 188 188 189 189 189 190 190 190 191 191 191 192 193 193 194 195 195 195 195 196 196 196 197 198 198 199 200 200 201 203 203 204 205 205 206 207 208 209 210 211 212 214 214 219 225 229 237 241 243 243 271 272 263 265 259 257 244 234 232 228 233 231 229
189 189 189 188 189 189 190 188 189 188 188 188 188 189 189 189 189 189 190 190 190 190 191 191 192 192 192 193 194 195 195 195 196 196 197 197 197 196 198 197 198 199 200 201 201 202 204 204 206 206 207 208 209 210 211 212 214 215 216 217 227 231 234 237 235 257 264 242 250 257 242 248 239 235 230 231 234 237 233
190 190 191 190 190 190 191 190 191 189 189 189 189 190 190 190 190 190 191 190 191 191 192 192 193 193 193 194 195 196 196 197 198 198 198 198 198 199 198 198 198 198 200 201 201 203 204 203 205 206 206 208 209 211 211 213 214 215 217 222 228 231 230 231 245 266 258 237 257 245 241 235 236 233 234 238 238 237 235
192 191 193 193 192 191 191 191 191 191 190 190 190 191 191 191 190 191 191 192 191 192 192 193 193 194 194 195 196 197 198 198 199 199 199 200 200 200 200 200 200 199 200 201 202 202 203 204 202 204 205 207 207 209 210 212 214 216 218 221 230 227 227 234 240 262 247 238 239 238 239 238 233 236 239 239 235 235 235
193 193 193 194 193 192 192 194 193 192 191 192 191 192 192 192 192 192 191 190 192 192 193 193 194 194 195 196 197 199 200 200 201 201 201 201 201 201 202 202 201 200 201 201 202 203 203 202 204 205 205 207 208 209 211 213 214 218 224 227 226 227 232 230 237 247 243 243 235 235 235 235 237 238 238 237 237 235 234
197 194 194 195 194 193 193 194 193 192 192 194 194 193 193 192 194 193 192 191 193 193 194 194 195 196 196 197 198 199 200 202 202 202 202 203 204 203 203 203 203 202 201 202 202 203 204 203 205 205 207 210 211 213 213 214 215 220 222 226 221 230 234 237 234 243 242 240 238 238 239 240 240 239 237 236 236 236 232
195 195 194 194 194 194 195 194 193 194 194 195 195 195 193 194 195 195 194 193 192 194 194 195 195 196 197 198 199 200 202 203 203 203 204 204 205 205 206 206 205 204 203 202 203 203 204 205 205 205 208 209 208 208 208 209 211 215 217 220 217 227 233 234 232 241 241 239 240 240 240 238 237 237 236 234 234 235 234
197 196 195 195 195 196 196 195 195 194 194 196 196 195 194 196 196 196 195 192 195 195 195 196 196 197 198 199 200 201 204 203 205 205 205 206 207 206 208 207 205 206 206 205 204 204 205 206 206 206 206 208 208 208 209 210 211 213 213 217 216 221 232 233 228 236 238 237 238 240 239 237 236 236 234 233 233 232 233
200 200 197 196 196 196 196 195 195 195 195 196 196 195 195 197 197 197 196 192 194 195 195 196 197 198 199 200 201 202 206 206 206 208 208 208 208 209 210 208 209 208 209 207 206 206 208 207 207 208 208 208 208 209 209 209 211 211 212 214 215 217 218 221 228 234 235 235 237 237 238 236 236 238 238 235 232 232 231
201 200 199 198 197 197 197 196 197 197 196 197 197 196 197 198 198 198 197 196 195 196 196 196 198 199 200 201 203 204 207 207 207 210 212 211 210 212 212 211 212 211 213 211 210 210 210 209 206 205 206 208 208 209 209 209 210 212 213 214 215 216 217 221 227 230 232 231 235 237 238 237 236 236 237 235 232 230 230
203 203 200 200 208 198 199 198 198 198 197 198 198 197 198 200 199 198 198 197 196 196 196 197 198 199 200 201 203 206 210 209 208 209 213 213 214 213 215 215 216 215 215 215 213 214 212 207 206 206 208 208 207 208 209 208 210 210 213 213 213 214 216 219 223 229 227 225 231 231 237 234 235 237 236 235 232 231 233
208 205 203 200 211 200 201 200 200 199 199 199 199 198 199 201 201 202 200 199 197 197 197 199 200 201 202 202 205 206 209 211 210 211 215 216 217 215 217 216 215 213 212 211 211 210 208 207 207 207 207 208 207 208 209 209 210 210 210 211 212 212 214 218 219 220 226 225 225 226 231 238 231 229 229 233 234 234 233
