pempusa/M/Set3/bio_4.asc
NCOLS 1299 
NROWS 414 
XLLCORNER -84.955934442 
YLLCORNER 19.825068114 
CELLSIZE 0.00833333333333333 
NODATA_value -9999 
[rows 35 to 69 of 414, columns 468 to 545 of 1299]
2062 2070 2086 2086 2090 2085 2108 2097 2092 2078 2089 2061 2026 2032 2040 2055 2065 2054 2054 2062 2058 2062 2054 2062 2052 2050 2056 2041 2065 2065 2060 2069 2069 2039 2047 2049 2040 2040 2066 2066 2067 2061 2077 2082 2072 2061 2073 2062 2062 2072 2062 2033 2015 2056 2073 2085 2052 2044 2049 2084 2089 2055 2050 2068 2061 2054 2051 2039 2037 -9999 -9999 -9999 -9999 -9999 -9999 -9999 -9999 -9999
2097 2099 2099 2122 2122 2123 2060 2091 2077 2089 2085 2088 2076 2054 2034 2063 2073 2067 2071 2050 2050 2050 2050 2054 2054 2034 2044 2040 2047 2047 2041 2041 2066 2061 2065 2065 2047 2036 2018 2015 2045 2045 2045 2071 2067 2067 2066 2075 2072 2054 2040 2023 2022 2044 2060 2037 2027 2081 2061 2080 2060 2101 2050 2071 2056 2071 2051 2064 2046 2039 2019 -9999 -9999 -9999 -9999 -9999 -9999 -9999
2134 2118 2127 2121 2095 2080 2083 2077 2101 2066 2072 2078 2081 2040 2051 2054 2058 2063 2063 2071 2060 2060 2050 2050 2050 2034 2041 2034 2051 2039 2047 2054 2054 2054 2049 2057 2057 2040 2036 2018 2018 2052 2041 2072 2068 2067 2056 2040 2036 2059 2048 2048 2057 2080 2023 2018 2033 2043 2056 2067 2061 2035 2059 2078 2062 2051 2079 2079 2057 2046 2032 2037 -9999 -9999 -9999 -9999 -9999 -9999
2107 2108 2087 2090 2067 2078 2074 2063 2089 2046 2063 2058 2071 2068 2073 2063 2068 2043 2059 2059 2038 2023 2041 2063 2041 2034 2030 2030 2043 2041 2051 2047 2047 2054 2054 2054 2051 2051 2056 2024 2048 2031 2035 2021 2044 2055 2050 2049 2040 2040 2058 2048 2048 2049 2078 2013 2046 2044 2043 2035 2061 2053 2039 2064 2050 2086 2051 2067 2059 2064 2052 2051 2048 -9999 -9999 -9999 -9999 -9999
2116 2110 2113 2115 2103 2115 2088 2108 2096 2091 2068 2074 2062 2062 2062 2047 2047 2024 2024 2074 2036 2074 2032 2036 2059 2031 2043 2033 2056 2052 2030 2030 2035 2028 2044 2044 2064 2048 2056 2040 2047 2039 2028 2038 2022 2003 2042 2046 2011 2044 2049 2030 2049 2037 2077 2013 2013 2046 2052 2036 2048 2049 2039 2058 2050 2078 2080 2091 2029 2081 2054 2042 2059 2030 2041 2054 -9999 -9999
2094 2120 2120 2107 2095 2124 2085 2086 2081 2083 2101 2093 2072 2074 2051 2038 2041 2043 2037 2020 2077 2043 2071 2059 2059 2070 2045 2043 2040 2036 2036 2036 2039 2050 2040 2044 2056 2072 2068 2042 2016 2021 2023 2032 2022 2024 2022 2035 2030 2026 2047 2067 2072 2049 2032 2036 2036 2013 2024 2066 2063 2081 2053 2043 2030 2043 2050 2092 2065 2080 2089 2080 2069 2046 2052 2041 2078 2045
2108 2087 2087 2087 2092 2051 2057 2085 2077 2065 2071 2083 2089 2068 2068 2084 2058 2057 2078 2050 2017 2043 2061 2051 2031 2033 2059 2059 2059 2052 2050 2036 2035 2010 2038 2038 2030 2042 2060 2050 2049 2046 2050 2015 2005 2005 2032 2002 2002 2035 2041 2052 2025 2037 2050 2036 2033 2024 2024 2046 2046 2034 2040 2053 2050 2043 2053 2088 2060 2064 2067 2064 2041 2055 2062 2058 2042 2047
2106 2110 2110 2129 2085 2085 2108 2091 2079 2054 2045 2048 2055 2055 2055 2068 2062 2078 2074 2059 2049 2008 2040 2040 2055 2031 2031 2043 2033 2047 2059 2046 2046 2017 2038 2027 2028 2026 2031 2060 2051 2025 2040 2028 2020 2003 2019 2028 2009 2023 2027 2031 2018 2029 2030 2024 2020 2041 2030 2029 2009 2033 2042 2032 2035 2043 2033 2042 2036 2042 2041 2046 2052 2064 2082 2055 2034 2037
2118 2118 2131 2112 2116 2107 2112 2100 2108 2100 2079 2079 2057 2057 2049 2057 2064 2061 2073 2065 2057 2031 2028 2036 2027 2026 2032 2037 2039 2036 2047 2036 2042 2015 2038 2028 2000 2000 2028 2011 2042 2025 2010 2045 2031 2029 2014 2014 1974 2005 2016 2013 2007 2018 2031 2021 2044 2040 2024 2032 2025 2023 2015 2013 2022 2041 2034 2040 2055 2045 2024 2008 2024 2034 2039 2073 2052 2072
2117 2131 2131 2094 2123 2094 2107 2095 2077 2066 2095 2085 2089 2073 2058 2041 2022 2030 2063 2041 2046 2045 2047 2043 2037 2024 2031 2027 2023 2028 2047 2030 2047 2027 2042 2031 2020 2013 2013 2009 2019 2032 2049 2044 2035 2037 2009 2012 2005 2016 2005 2009 2007 2036 2048 1987 2008 2025 2018 2020 2028 2028 2019 1998 2023 2040 2024 2024 2022 2043 2039 2008 2012 2034 2041 2073 2040 2041
2143 2123 2117 2102 2118 2095 2078 2073 2065 2065 2064 2080 2074 2079 2080 2061 2061 2048 2031 2057 2045 2045 2047 2060 2034 2013 2015 2020 2032 2039 2058 2047 2034 2028 2039 2042 2038 2034 2013 2013 2019 2016 2028 1989 2033 2031 2052 2027 2029 2003 2004 2021 1994 2005 1995 2011 2035 1995 2007 2001 2013 1993 1996 2037 2028 2031 2009 2009 2032 2033 2030 2028 2022 2016 2024 2027 2047 2049
2127 2135 2143 2118 2058 2058 2099 2104 2117 2100 2091 2079 2087 2094 2082 2070 2097 2060 2039 2041 2042 2031 2055 2046 2064 2040 2025 2029 2032 2031 2050 2033 2046 2025 2025 2062 2048 2039 2013 1994 2003 1994 2013 2010 2050 2009 2050 2050 2003 2009 1995 1999 1967 1985 1997 2025 2008 1996 1997 2007 2021 2017 2026 2014 2014 1997 1997 2001 2028 2039 1987 2020 2010 2010 2020 2027 2043 2030
2130 2126 2135 2074 2081 2097 2141 2106 2122 2059 2066 2070 2084 2078 2060 2048 2051 2073 2053 2040 2036 2027 2044 2023 2032 2029 2032 2014 2025 2025 2031 2024 1999 2050 2023 2047 2053 2040 2024 2020 1991 1986 1993 2011 2013 2027 2013 2031 2015 2026 2014 2005 2001 1989 1999 2025 1995 2014 2031 2038 2016 2029 2010 2020 2026 2021 2023 2009 2009 2010 2013 2010 2020 2020 2020 2027 2030 2049
2122 2116 2097 2075 2070 2110 2150 2142 2117 2117 2078 2057 2091 2107 2077 2067 2075 2051 2069 2062 2037 2055 2014 2023 2031 2041 2009 2003 2021 2021 2006 2022 2020 2020 2031 2019 2043 2043 2024 2025 2014 1995 1987 1985 1997 2013 2003 2013 2046 2027 2037 2011 2012 1989 2011 2015 2017 1995 2021 2031 2042 2021 2017 2027 1984 1982 1986 2005 2009 2028 2025 2027 2031 2014 2020 2010 2030 2049
2080 2070 2070 2070 2082 2098 2101 2096 2150 2138 2119 2106 2072 2073 2077 2063 2049 2038 2077 2077 2067 2063 2050 2025 2007 2020 1991 2020 2002 2004 2009 2005 2005 2009 2009 2009 2013 2031 2032 2038 2021 2015 1987 1981 1985 1981 1993 2022 2028 2013 2011 2013 2047 2029 2021 1999 1986 1977 1986 1981 2007 1993 2033 2009 1994 1991 2001 2023 2015 2005 1978 1995 1980 2021 2023 2014 2015 2022
2104 2094 2094 2115 2127 2115 2120 2119 2103 2134 2118 2102 2068 2067 2046 2043 2054 2059 2048 2065 2060 2063 2053 2042 2021 2009 2009 2013 2002 1998 2011 2002 1998 1988 2005 2005 2009 2013 2036 2036 2041 2007 2007 2011 1997 1981 1979 1997 2026 2033 2014 2023 2025 2027 1993 1997 1968 1967 1993 2029 1970 2018 2013 2017 2013 2026 2018 2019 2006 1985 1993 1999 2017 1999 2023 1993 2007 2011
2123 2113 2115 2098 2110 2110 2121 2131 2104 2090 2078 2063 2063 2062 2050 2052 2059 2035 2045 2048 2054 2064 2055 2039 2000 2038 2014 2025 2031 1996 2006 2002 1999 1988 1988 1986 1995 1993 2023 2023 2025 2031 2012 2007 2003 2014 2000 1976 1991 1989 2027 2010 2051 2022 2007 1979 1987 2008 1997 1993 2023 2009 2027 2022 2025 2025 2018 2021 2037 2024 2010 1983 2005 2008 1999 2008 1978 1991
2108 2118 2113 2119 2123 2111 2132 2144 2139 2111 2090 2074 2051 2073 2068 2062 2047 2037 2027 2033 2066 2069 2064 2051 2037 2009 2032 2011 2005 2005 1996 2006 1992 1990 1980 1980 1978 1978 1982 2005 2009 2013 2025 2019 2017 2003 2015 2000 1975 1996 2002 2021 2039 2024 2000 1996 2038 1996 1991 1997 1990 2007 1995 2031 2034 2034 2034 2034 2018 2000 2011 1993 1996 2001 1984 1978 1991 1991
2140 2136 2103 2109 2117 2124 2128 2117 2145 2119 2115 2080 2062 2093 2056 2057 2052 2037 2012 2012 2052 2048 2054 2041 2041 2031 2030 2025 2020 2022 1994 1996 2000 1996 1992 1985 1985 1980 1978 1988 1988 2012 2006 2023 2019 2010 1998 2002 1983 1978 1992 1986 1998 2028 2021 2020 2002 2029 1991 1995 1995 1997 1992 2012 2021 2027 2011 2034 2015 2010 2018 1985 1983 1990 1978 1984 2003 1999
2122 2132 2137 2133 2133 2138 2133 2133 2103 2122 2121 2084 2060 2093 2081 2066 2048 2045 2025 2006 2009 2017 2059 2041 2031 2031 2018 2035 2037 2001 2030 2011 1990 2002 2004 1988 1984 1962 1984 1971 1994 2006 2006 2006 2006 2011 1998 2002 1996 1979 1992 1996 1994 2012 2042 2005 2029 2019 1987 1985 1981 1969 1986 1986 1999 2010 2015 2001 2019 2022 2015 1995 1995 1986 1990 1984 2004 2004
2080 2148 2133 2133 2133 2128 2133 2125 2108 2126 2104 2098 2074 2091 2086 2075 2050 2041 2033 2017 2017 2015 2018 2022 1999 2009 1994 2000 2009 2009 2016 2001 1986 1978 2033 2002 1981 1969 1975 1956 1956 1994 2006 2002 2002 2001 2017 1996 2005 1985 1984 1961 1995 1983 2023 2011 2016 2023 2003 1985 1981 1977 1977 2004 1994 2004 1996 2002 1987 2001 1993 1986 1983 1974 1990 1990 1996 1996
2097 2114 2143 2128 2128 2138 2128 2103 2090 2116 2132 2098 2089 2057 2091 2079 2066 2054 2025 2017 2014 2024 2015 2018 2002 1996 1996 2010 2009 1969 1959 1978 1978 2019 2014 1983 2012 2011 1969 1965 1952 1975 1998 1987 1998 1998 1991 2000 2006 1980 1973 1973 1992 2004 1975 1999 2011 2023 2010 1995 2004 1969 1978 1980 1984 1984 2001 1992 1983 1991 1975 1997 1987 1983 1976 1979 1996 1999
2109 2112 2103 2108 2123 2134 2095 2058 2057 2074 2083 2050 2065 2050 2070 2047 2058 2049 2043 2015 2003 2036 2025 2024 2025 2025 2001 2030 2015 2018 2029 2006 1990 1989 1991 2009 2022 1981 1983 1958 1964 1964 1987 1991 1991 1991 1995 1995 2000 1980 1966 1966 1981 1991 1975 1972 1995 2013 1984 2020 1997 2000 1995 1974 1988 1994 1997 2001 1999 1979 1983 1989 1986 1975 1965 1976 1996 2010
2110 2100 2085 2083 2095 2077 2074 2091 2097 2072 2092 2063 2061 2043 2070 2056 2018 2011 2031 2021 1998 1976 2032 2012 1984 1994 2005 2008 2011 1999 2021 2010 1967 2017 1997 1987 2009 1984 1977 1993 1959 1955 1959 1976 1972 1998 1980 1980 1985 1985 1989 1970 1974 1978 1967 1985 1983 1993 2001 1984 1984 1961 1996 1965 1967 1987 1984 1987 1995 1989 1999 1993 1989 2019 1977 1987 1991 2013
2112 2089 2081 2079 2077 2073 2086 2091 2081 2107 2086 2087 2075 2062 2049 2048 2054 2065 2000 1984 1994 1978 1985 2007 1971 1975 1980 1972 1979 2002 1982 2010 2000 1981 2013 2010 2000 1970 1999 1996 1979 1959 1959 1959 1976 1983 1975 2004 1980 1986 1992 1978 1965 1983 1969 1952 1977 1980 1981 1981 1969 1986 2000 1995 1980 1974 1984 1987 1991 1992 2010 2016 2025 2024 1980 1977 1998 2002
2097 2097 2097 2093 2093 2081 2070 2091 2054 2071 2063 2067 2063 2047 2048 2052 2035 2049 2063 2035 1995 1969 1985 2011 1988 1998 1974 1990 1979 1995 1975 2006 2010 1988 1990 2001 2018 1986 1993 2010 1982 1983 1984 1984 1960 1980 1953 1975 1968 1996 1984 1978 1983 1939 1929 1952 1985 1977 1977 1999 1988 1983 1972 1976 1980 1974 1974 1974 1987 1992 2018 2028 2019 2013 1992 1976 1992 2009
2084 2088 2108 2089 2089 2077 2071 2094 2046 2041 2051 2040 2046 2027 2030 2000 2001 2012 2063 2015 2038 2028 2006 1984 1980 1992 1982 2005 1989 1971 1975 1972 1993 2001 2005 2004 1994 1982 2007 1986 1986 1986 1962 1984 1990 1959 1989 1965 1996 1994 1992 1985 1978 1978 1950 1930 1941 1988 1985 1977 1985 1988 1960 1986 1980 1980 1962 1974 1987 1992 2007 2000 1984 2008 1992 1976 2004 2010
2090 2077 2100 2061 2073 2084 2081 2065 2076 2014 2014 2065 2054 2009 2030 2025 2024 2025 1998 2008 2011 1977 1992 1997 1986 2000 1997 1982 1980 1965 1958 1982 1980 1978 1997 1997 1986 1990 1998 2008 1998 1990 1990 1953 1948 1979 1972 1964 2002 1976 1985 1985 1975 1955 1975 1929 1928 1941 1985 1977 1980 1972 1968 1962 1990 1980 1962 1974 1974 1990 2003 1999 2004 1989 1981 2017 2012 2011
2080 2072 2072 2049 2049 2051 2086 2064 2059 2061 2047 2047 2046 2036 2021 2025 2008 2016 2047 2029 1998 1989 1985 1994 1966 2001 1965 1966 1966 1950 1958 1947 1947 1999 1987 1997 1979 1985 1985 1990 1998 1998 2004 1978 1977 1977 1978 1953 1991 1982 1990 1978 1963 1958 1931 1957 1946 1920 1951 1995 1985 1995 1969 1962 1990 1990 1980 1962 1978 1965 1979 1968 1991 2004 1990 2017 2005 2005
2068 2068 2068 2049 2037 2037 2038 2030 2052 2042 2018 2014 2015 2025 2008 2012 2021 2021 2025 2007 2025 1997 1989 1979 1988 1968 1981 1988 1980 1962 1953 1958 1958 1970 1987 1988 1988 1974 1974 1981 1990 1990 1987 1984 1980 1988 1984 1959 1971 1974 1972 1989 1966 1971 1958 1945 1965 1961 1944 1944 1953 1942 2009 1995 1990 1990 1967 1972 1967 1982 1971 1971 1960 1974 1976 1992 1991 1991
2064 2064 2064 2041 2039 2037 2049 2018 2041 2036 2036 2027 2024 2018 2025 2002 2015 2033 2008 2008 2009 1995 1995 1955 1975 1968 1994 1974 1980 1968 1947 1946 1970 1952 1981 1987 1976 2001 1985 1962 1979 1990 1999 1969 1992 1996 1966 1989 1967 1965 1952 1972 1984 1962 1970 1961 1961 1949 1941 1952 1966 1942 1969 1963 1951 1965 1973 1971 1965 1972 1970 1967 1971 1982 1979 1991 1979 1991
2064 2054 2038 2033 2033 2040 2043 2055 2039 2039 2013 2014 2010 2049 1998 2023 2016 2010 2010 1980 2021 2006 2011 1975 1975 1992 1999 1974 1987 1981 1969 1975 1952 1986 1969 1978 1958 1971 1975 1948 1962 1966 1964 1973 1989 1973 1966 1974 1974 1960 1964 1980 1996 1992 1974 1957 1964 1963 1958 1941 1956 1954 1941 1985 1957 1963 1982 1975 1960 1969 1966 1954 1966 2005 1971 1977 1990 2008
2082 2082 2058 2042 2052 2041 2055 2047 2053 2029 2018 2014 2026 2045 2027 2038 2028 2025 1993 2027 2002 1993 1985 1977 1980 1988 1988 1980 1983 1964 1987 1960 1965 1968 1962 1975 1947 1971 1929 1935 1971 1957 1963 1952 1980 1973 1978 1957 1970 1970 1968 1964 1984 1996 1952 1960 1974 1946 1927 1928 1932 1940 1931 1931 1986 1994 1964 1950 1981 1960 1958 1972 1970 1966 1995 1973 2000 1986
2068 2059 2047 2043 2030 2043 2040 2050 2037 2026 2026 2030 2023 2045 2049 2032 2049 2030 2022 2041 2011 1995 1989 2001 2001 1976 1978 1983 1992 1967 1973 1939 1964 1955 1964 1970 1953 1947 1941 1941 1965 1946 1946 1966 1972 1973 1967 1979 1957 1965 1970 1968 1984 1973 1984 1977 1967 1955 1952 1931 1930 1922 1931 1931 1987 1957 1964 1952 1970 1949 1967 1954 1983 1972 1966 1954 1965 2000
2062 2057 2033 2053 2030 2030 2040 2032 2029 2025 2014 2030 2052 2052 2045 2045 2037 2018 2029 2019 2009 1998 1996 2004 2006 2006 1971 1990 1990 1987 1976 1955 1951 1959 1965 1947 1965 1955 1935 1939 1983 1956 1981 1977 1973 1950 1957 1967 1971 1979 1969 1957 1973 1970 1979 1957 1953 1961 1950 1949 1947 1922 1938 1950 1964 1961 1954 1958 1958 1947 1953 1953 1969 1966 1966 1954 2002 1989
