pempusa/M/Set3/bio_4.asc
NCOLS 1299 
NROWS 414 
XLLCORNER -84.955934442 
YLLCORNER 19.825068114 
CELLSIZE 0.00833333333333333 
NODATA_value -9999 
[rows 140 to 174 of 414, columns 702 to 779 of 1299]
2168 2151 2167 2135 2133 2135 2121 2151 2150 2129 2147 2133 2128 2170 2166 2131 2147 2137 2126 2151 2132 2119 2127 2122 2132 2129 2111 2110 2136 2133 2111 2127 2134 2133 2120 2076 2095 2095 2131 2124 2089 2092 2087 2098 2087 2095 2081 2083 2082 2074 2054 2039 2058 2061 2050 2044 2060 2047 2041 2034 2053 2041 2063 2063 2071 2068 2059 2079 2094 2094 2079 2060 2048 2046 2039 2055 2035 2026
2160 2141 2134 2129 2140 2132 2132 2138 2160 2154 2155 2153 2138 2137 2159 2103 2141 2126 2124 2129 2108 2130 2122 2123 2143 2087 2097 2129 2111 2129 2129 2138 2092 2121 2149 2076 2112 2106 2106 2093 2106 2081 2065 2105 2079 2089 2086 2086 2102 2065 2056 2046 2048 2025 2053 2050 2047 2047 2030 2063 2063 2063 2074 2084 2077 2071 2048 2027 2073 2073 2068 2059 2048 2039 2029 2027 2038 2051
2135 2155 2145 2132 2143 2161 2114 2151 2147 2122 2146 2154 2150 2145 2145 2102 2127 2123 2110 2139 2122 2119 2136 2115 2136 2138 2118 2104 2107 2122 2120 2134 2116 2106 2077 2100 2121 2097 2090 2099 2073 2068 2104 2076 2094 2059 2059 2085 2095 2065 2066 2066 2033 2028 2030 2030 2030 2029 2053 2030 2063 2080 2077 2056 2039 2037 2040 2034 2020 2005 2017 2028 2006 2028 2039 2023 2061 2031
2141 2153 2127 2172 2154 2163 2167 2133 2157 2148 2175 2154 2136 2113 2134 2103 2123 2114 2131 2114 2138 2135 2114 2130 2137 2108 2104 2126 2108 2112 2110 2096 2100 2105 2097 2118 2119 2080 2094 2083 2098 2070 2064 2082 2101 2087 2079 2069 2074 2077 2058 2063 2074 2045 2020 2030 2039 2019 2040 2039 2040 2061 2048 2052 2051 2051 2038 2042 2031 2037 2030 2017 2017 2014 2010 2032 2074 2000
2174 2145 2135 2167 2166 2155 2155 2156 2154 2154 2142 2130 2138 2114 2126 2133 2137 2135 2121 2142 2122 2111 2107 2137 2123 2157 2128 2122 2110 2117 2124 2080 2110 2110 2108 2062 2097 2103 2122 2097 2091 2064 2074 2089 2084 2092 2084 2072 2058 2053 2064 2056 2052 2040 2045 2051 2032 2032 2032 2032 2033 2043 2042 2029 2037 2040 2027 2024 2010 2032 2043 2040 2036 2013 2033 2008 2008 2020
2139 2163 2171 2170 2149 2152 2151 2144 2144 2141 2120 2133 2120 2130 2136 2119 2094 2124 2093 2118 2120 2131 2110 2103 2132 2106 2124 2140 2132 2103 2100 2105 2069 2069 2116 2099 2094 2087 2085 2075 2080 2075 2075 2088 2060 2061 2045 2071 2058 2081 2051 2052 2055 2046 2041 2051 2037 2035 2043 2027 2027 2042 2042 2032 2032 2039 2037 2054 2068 2009 2033 2056 2038 2069 2043 2020 2036 2046
2164 2154 2167 2152 2158 2140 2152 2144 2138 2123 2146 2118 2125 2156 2127 2110 2122 2125 2136 2127 2167 2120 2143 2124 2129 2117 2128 2134 2132 2097 2116 2105 2121 2125 2098 2107 2087 2087 2090 2065 2095 2058 2071 2058 2062 2069 2064 2070 2059 2065 2042 2042 2063 2065 2048 2051 2056 2049 2026 2031 2040 2040 2032 2043 2043 2053 2075 2069 2068 2055 2056 2041 2035 2040 2011 2011 2014 2035
2169 2159 2149 2145 2157 2152 2160 2118 2120 2118 2119 2104 2113 2123 2133 2137 2121 2125 2140 2134 2134 2128 2153 2119 2139 2122 2129 2129 2114 2135 2104 2108 2129 2117 2067 2087 2067 2068 2088 2083 2097 2083 2074 2062 2057 2060 2069 2077 2053 2064 2060 2061 2068 2050 2071 2059 2067 2063 2040 2041 2050 2057 2035 2045 2045 2045 2061 2053 2073 2034 2060 2047 2052 2052 2050 2014 2025 2031
2169 2145 2152 2140 2137 2123 2159 2146 2147 2149 2135 2129 2151 2137 2151 2138 2148 2150 2129 2137 2132 2116 2146 2133 2132 2115 2123 2133 2126 2115 2103 2108 2114 2083 2067 2114 2086 2081 2090 2077 2056 2067 2085 2085 2103 2072 2076 2076 2050 2061 2068 2076 2073 2079 2077 2081 2057 2056 2075 2076 2042 2024 2035 2047 2047 2047 2065 2070 2060 2047 2047 2045 2032 2050 2033 2035 2028 2017
2191 2179 2143 2153 2143 2130 2118 2126 2140 2146 2128 2145 2157 2157 2138 2142 2134 2143 2149 2129 2122 2149 2122 2129 2131 2141 2115 2114 2104 2104 2106 2093 2093 2094 2082 2097 2074 2085 2097 2094 2077 2096 2094 2093 2064 2094 2092 2062 2074 2066 2062 2070 2059 2078 2078 2070 2076 2092 2072 2062 2039 2039 2025 2026 2034 2039 2049 2016 2026 2026 2017 2001 2001 2012 2017 2005 2013 2005
2173 2156 2161 2141 2127 2133 2164 2158 2141 2164 2146 2143 2144 2150 2132 2132 2143 2143 2133 2129 2128 2128 2125 2126 2119 2102 2118 2107 2093 2114 2096 2095 2104 2073 2094 2117 2086 2083 2093 2112 2108 2114 2102 2094 2082 2089 2088 2084 2074 2070 2082 2082 2056 2073 2062 2070 2065 2068 2036 2036 2029 1997 2008 2015 2035 2029 2019 2006 1994 1994 1994 2005 2005 2005 2013 2016 2003 2003
2170 2148 2135 2154 2149 2171 2173 2165 2172 2140 2152 2162 2157 2125 2164 2125 2137 2129 2125 2119 2131 2131 2104 2130 2134 2097 2096 2110 2085 2100 2096 2098 2102 2083 2098 2106 2096 2099 2100 2099 2092 2092 2104 2095 2061 2064 2066 2075 2075 2072 2061 2071 2033 2046 2050 2052 2061 2046 2047 2047 2024 2003 2003 2012 2027 2031 2008 2008 2008 2008 2005 2005 2005 2006 2016 2021 2013 1998
2158 2172 2152 2155 2157 2164 2181 2148 2151 2137 2130 2128 2147 2148 2147 2127 2112 2122 2130 2128 2128 2123 2125 2121 2104 2112 2100 2119 2092 2086 2081 2109 2099 2092 2098 2098 2103 2114 2086 2078 2081 2080 2085 2073 2056 2076 2052 2043 2059 2065 2049 2049 2049 2053 2043 2035 2035 2022 2023 2034 2028 2039 2012 2020 2027 2009 2009 2014 2013 2009 2010 2006 2005 2012 2014 2021 2048 2042
2182 2183 2163 2159 2150 2151 2131 2141 2137 2169 2163 2146 2123 2130 2134 2124 2135 2156 2120 2137 2097 2144 2119 2116 2107 2093 2093 2083 2123 2116 2105 2095 2106 2092 2109 2095 2099 2092 2076 2085 2087 2068 2086 2094 2056 2056 2051 2033 2053 2068 2049 2049 2031 2021 2034 2032 2040 2025 2035 2041 2052 2037 2051 2034 2027 2004 2004 2004 2004 1992 1995 2006 2011 2053 2053 2050 2058 2058
2149 2161 2145 2146 2140 2138 2131 2152 2163 2117 2120 2147 2144 2128 2124 2139 2114 2123 2123 2112 2117 2120 2132 2129 2092 2095 2115 2123 2104 2099 2107 2099 2085 2087 2085 2114 2084 2104 2073 2073 2075 2081 2078 2082 2072 2051 2043 2059 2037 2051 2054 2054 2031 2035 2040 2045 2041 2041 2052 2052 2063 2065 2049 2049 2049 2026 2017 2008 2008 2012 2012 2031 2026 2047 2042 2060 2054 2047
2180 2181 2151 2141 2151 2129 2144 2129 2120 2125 2108 2142 2109 2109 2132 2132 2138 2138 2115 2127 2115 2132 2120 2134 2100 2119 2105 2093 2086 2105 2088 2141 2091 2110 2086 2106 2090 2102 2099 2091 2090 2095 2072 2087 2064 2052 2063 2053 2050 2050 2058 2060 2024 2061 2040 2047 2047 2029 2056 2072 2066 2071 2063 2071 2074 2066 2051 2039 2039 2054 2043 2017 2035 2049 2052 2038 2051 2026
2192 2143 2190 2132 2133 2170 2136 2146 2146 2114 2103 2135 2162 2140 2127 2132 2150 2143 2107 2139 2151 2115 2111 2101 2119 2134 2117 2101 2112 2129 2087 2138 2114 2113 2109 2091 2087 2097 2123 2092 2079 2095 2091 2087 2087 2068 2042 2044 2058 2050 2064 2077 2040 2039 2052 2024 2047 2040 2060 2065 2076 2080 2073 2070 2073 2048 2048 2039 2028 2025 2025 2023 2031 2031 2027 2047 2026 2013
2183 2154 2146 2135 2121 2119 2161 2129 2175 2153 2168 2132 2137 2142 2163 2137 2121 2151 2128 2111 2112 2127 2117 2101 2112 2117 2110 2094 2110 2138 2124 2129 2097 2107 2110 2085 2104 2095 2105 2087 2082 2090 2091 2092 2069 2081 2070 2055 2063 2055 2048 2043 2067 2059 2049 2048 2048 2050 2040 2051 2058 2055 2066 2055 2076 2071 2058 2041 2041 2043 2015 2015 2034 2034 2044 2044 2056 2040
2148 2139 2175 2142 2129 2186 2153 2107 2140 2131 2131 2138 2135 2147 2148 2137 2102 2130 2125 2118 2114 2098 2128 2114 2110 2110 2124 2124 2123 2110 2102 2113 2104 2086 2077 2095 2098 2107 2067 2069 2069 2085 2092 2060 2073 2056 2068 2051 2066 2062 2059 2080 2067 2067 2056 2046 2049 2059 2068 2045 2035 2059 2023 2012 2012 2029 2061 2061 2049 2051 2027 2024 2033 2033 2042 2030 2054 2041
2138 2164 2185 2168 2145 2120 2177 2168 2114 2140 2108 2139 2126 2145 2148 2153 2110 2121 2125 2113 2123 2101 2112 2116 2142 2096 2137 2109 2100 2105 2105 2088 2081 2092 2084 2085 2087 2085 2059 2071 2072 2071 2071 2054 2074 2069 2046 2056 2067 2075 2055 2033 2073 2067 2067 2056 2062 2051 2059 2043 2055 2043 2043 2036 2046 2026 2046 2030 2028 2025 2024 2041 2066 2056 2056 2041 2041 2032
2148 2156 2132 2164 2141 2164 2152 2128 2126 2123 2137 2139 2164 2113 2117 2154 2139 2125 2105 2115 2131 2104 2104 2153 2109 2108 2116 2105 2125 2123 2100 2106 2082 2097 2084 2085 2085 2076 2071 2077 2084 2074 2065 2062 2062 2052 2046 2069 2072 2065 2086 2083 2056 2057 2057 2051 2074 2074 2055 2052 2051 2051 2041 2041 2044 2021 2039 2017 2017 2018 2022 2032 2035 2051 2033 2051 2046 2025
2138 2125 2153 2145 2128 2143 2145 2156 2150 2134 2134 2136 2130 2146 2111 2161 2147 2101 2127 2105 2127 2113 2108 2130 2141 2089 2112 2108 2108 2082 2107 2111 2091 2095 2084 2079 2069 2087 2077 2062 2062 2062 2062 2069 2070 2060 2044 2084 2066 2069 2056 2072 2056 2062 2074 2074 2051 2062 2042 2047 2044 2041 2041 2048 2040 2039 2038 2035 2027 2018 2021 2024 2019 2012 2038 2038 2038 2048
2143 2154 2132 2135 2150 2143 2143 2157 2143 2151 2148 2153 2123 2164 2125 2128 2128 2127 2144 2120 2104 2105 2107 2103 2101 2077 2112 2117 2104 2101 2091 2085 2085 2090 2077 2078 2076 2064 2086 2092 2081 2079 2067 2076 2050 2050 2047 2077 2077 2050 2047 2039 2039 2062 2062 2062 2062 2057 2042 2031 2027 2033 2033 2028 2028 2034 2023 2023 2023 2010 2021 2004 2004 2003 2011 2029 2029 2025
2151 2132 2151 2128 2153 2136 2117 2133 2136 2141 2153 2164 2143 2138 2099 2123 2120 2119 2116 2119 2110 2121 2121 2142 2108 2102 2102 2105 2103 2091 2080 2088 2094 2091 2071 2077 2077 2082 2085 2060 2051 2063 2071 2071 2072 2073 2072 2062 2064 2061 2057 2049 2028 2054 2049 2037 2045 2050 2053 2049 2057 2025 2020 2016 2038 1995 2015 2010 2011 2011 1998 1995 1982 1993 2013 2013 2004 2012
2135 2141 2125 2131 2157 2145 2147 2151 2131 2126 2158 2111 2111 2133 2142 2107 2119 2109 2126 2088 2081 2143 2121 2117 2114 2095 2091 2073 2103 2077 2092 2077 2081 2082 2101 2080 2085 2085 2097 2097 2071 2072 2072 2079 2066 2066 2054 2052 2063 2075 2077 2072 2071 2077 2064 2048 2037 2037 2033 2031 2034 2020 2020 2019 2036 2036 2020 2031 1992 1998 1982 1982 1982 1993 1993 2001 1993 2001
2159 2122 2141 2132 2129 2148 2136 2154 2144 2115 2127 2142 2104 2116 2116 2130 2125 2146 2137 2140 2128 2146 2146 2138 2106 2114 2095 2094 2077 2099 2092 2081 2086 2099 2095 2093 2082 2074 2061 2076 2094 2066 2071 2065 2065 2068 2039 2039 2041 2053 2046 2046 2049 2061 2048 2060 2035 2029 2017 2020 2034 2031 2031 2031 2031 2031 2012 2012 2019 2006 2006 1983 1993 2004 1993 2001 2001 2012
2135 2123 2122 2152 2135 2147 2120 2138 2149 2146 2154 2132 2147 2145 2150 2150 2128 2146 2132 2145 2124 2146 2109 2114 2104 2102 2083 2108 2098 2080 2098 2085 2093 2086 2072 2087 2092 2075 2074 2089 2077 2056 2053 2064 2062 2047 2028 2015 2034 2053 2053 2046 2046 2036 2036 2036 2039 2039 2025 2014 2002 2002 2013 2027 2027 2027 2020 2019 2006 2006 2015 2003 2003 2018 2003 2028 2028 2021
2116 2129 2149 2127 2136 2144 2145 2133 2118 2105 2127 2127 2138 2138 2141 2101 2116 2096 2099 2113 2110 2099 2107 2097 2107 2089 2098 2095 2085 2087 2085 2086 2093 2087 2073 2081 2065 2067 2063 2055 2055 2049 2027 2027 2048 2054 2039 2046 2018 2018 2024 2042 2050 2040 2060 2036 2011 2020 2007 2021 2012 2016 2016 2036 2036 2028 2029 2015 2015 2019 2019 2010 2015 2029 2021 1996 2003 2010
2133 2134 2100 2143 2146 2160 2131 2155 2152 2117 2116 2119 2130 2127 2122 2093 2137 2151 2150 2134 2119 2106 2092 2101 2088 2095 2089 2086 2064 2088 2093 2093 2101 2071 2070 2082 2060 2060 2066 2064 2052 2052 2048 2075 2052 2063 2063 2042 2020 2025 2019 2041 2031 2026 2031 2048 2044 2007 2004 2017 2015 2036 2028 2022 2022 2022 2015 2010 2018 2010 2018 2007 2010 2010 2029 2010 2010 2013
2140 2161 2133 2117 2125 2116 2124 2124 2151 2134 2120 2105 2129 2132 2112 2105 2123 2132 2128 2116 2126 2116 2086 2083 2099 2109 2105 2073 2103 2096 2096 2100 2093 2093 2064 2056 2097 2089 2072 2060 2087 2059 2071 2053 2067 2059 2071 2054 2043 2036 2050 2039 2031 2030 2042 2027 2030 2060 2013 2023 2013 2053 2041 1999 2009 1999 2010 2010 2002 2002 1995 2003 2003 2015 2010 2010 2029 2010
2177 2157 2147 2129 2134 2162 2136 2128 2155 2107 2113 2113 2115 2115 2113 2126 2108 2108 2095 2111 2095 2091 2107 2109 2083 2088 2100 2083 2102 2102 2082 2071 2098 2108 2079 2079 2073 2073 2086 2083 2047 2047 2063 2062 2051 2055 2050 2053 2048 2061 2057 2073 2061 2046 2054 2046 2046 2058 2037 2026 2037 2026 2030 2024 2023 2009 2022 1999 1999 1999 1988 1988 1999 1999 1996 2003 2003 2003
2093 2125 2102 2120 2131 2112 2124 2121 2142 2132 2106 2106 2117 2112 2118 2134 2119 2105 2092 2090 2103 2107 2088 2088 2102 2068 2077 2070 2062 2081 2081 2077 2074 2092 2074 2069 2082 2051 2065 2058 2058 2058 2058 2057 2055 2050 2077 2069 2068 2046 2045 2045 2045 2046 2049 2062 2054 2034 2037 2037 2034 2034 2034 2018 2018 2030 2028 2038 2011 2008 2007 2007 2001 2001 2005 2002 2003 2005
2125 2091 2110 2124 2135 2139 2117 2120 2120 2138 2139 2123 2119 2130 2115 2097 2108 2095 2079 2085 2085 2096 2088 2078 2068 2087 2085 2073 2065 2081 2077 2049 2069 2077 2076 2058 2058 2057 2070 2045 2047 2070 2081 2045 2061 2061 2061 2064 2061 2051 2038 2050 2046 2036 2039 2034 2048 2012 2022 2037 2045 2047 2034 2047 2047 2011 2022 2023 2030 2025 2008 2027 2011 2001 2011 2010 2004 2004
2095 2104 2119 2132 2139 2137 2116 2108 2111 2121 2113 2105 2127 2116 2114 2095 2095 2095 2093 2085 2079 2072 2089 2070 2069 2067 2090 2078 2060 2047 2071 2067 2050 2068 2072 2072 2061 2051 2064 2061 2076 2052 2052 2048 2043 2053 2053 2035 2058 2047 2039 2038 2039 2039 2039 2032 2019 2019 2011 2006 2043 2043 2054 2053 2052 2014 2011 2014 2007 2020 2025 2017 2017 2012 2011 2004 2004 2004
2103 2097 2138 2140 2123 2136 2103 2100 2125 2110 2115 2127 2108 2125 2127 2082 2088 2090 2092 2094 2101 2068 2081 2054 2057 2082 2086 2075 2057 2073 2072 2051 2044 2068 2072 2071 2055 2043 2073 2061 2081 2081 2067 2074 2074 2072 2072 2072 2072 2072 2054 2037 2034 2034 2034 2013 2013 2022 2001 2024 1995 2011 2025 2036 2014 2055 2023 2014 2011 2022 2011 2015 2009 2006 2006 2015 2014 2011
